35 48 39 27 26 32 49 28 43 42 
44 36 33 48 49 32 32 24 36 25 
31 38 40 26 42 44 26 32 39 49 
42 40 41 28 49 20 49 29 49 31 
22 41 21 38 45 23 27 45 25 35 
42 48 30 50 27 43 37 49 22 43 
43 29 21 34 31 34 33 23 38 37 
28 36 48 34 42 35 24 31 41 27 
20 42 31 27 42 20 41 21 30 47 
24 38 22 31 37 28 41 24 45 39 
36 42 25 36 38 44 21 20 34 44 
21 32 41 25 23 45 41 45 47 42 
22 40 50 34 33 47 47 33 34 49 
23 24 36 31 22 45 35 27 47 32 
33 41 33 28 31 37 28 44 40 34 
23 23 25 38 43 43 36 27 47 33 
40 47 39 34 33 38 29 46 20 39 
21 28 46 39 31 24 27 31 43 31 
36 45 44 27 42 35 26 42 47 31 
26 44 23 38 31 23 24 22 24 48 
40 44 40 46 45 33 38 38 26 46 
45 30 38 48 28 34 33 31 40 24 
46 26 44 43 26 49 35 44 38 24 
22 24 49 49 40 24 28 24 22 29 
30 21 39 33 43 23 24 35 33 24 
24 34 40 26 36 37 21 38 43 49 
20 21 36 38 47 32 37 40 42 47 
42 25 41 20 50 34 23 40 47 37 
26 37 34 37 33 32 41 34 46 29 
39 40 27 33 20 36 43 47 41 20 
27 36 47 48 28 36 42 34 45 21 
34 43 23 27 43 30 37 49 23 26 
42 25 39 37 46 45 41 22 22 31 
31 36 50 28 25 37 26 39 40 48 
25 43 25 35 45 47 36 30 38 25 
28 21 20 32 24 45 30 36 32 27 
45 37 35 45 29 26 21 44 20 38 
43 44 42 29 21 25 47 33 43 39 
20 20 23 43 37 26 28 30 43 24 
20 28 42 49 44 37 22 44 36 43 
23 34 34 43 20 24 23 42 24 48 
26 22 30 20 36 39 43 23 43 39 
45 50 20 35 29 26 46 28 44 40 
22 43 34 23 39 22 24 30 48 26 
49 27 26 27 21 26 22 34 30 49 
45 47 42 49 30 50 48 31 33 47 
48 22 38 50 44 20 40 20 48 27 
32 47 34 22 22 35 27 25 20 23 
49 44 49 30 31 41 26 36 46 35 
22 40 40 46 38 41 37 50 44 30 
47 21 24 49 24 43 35 24 47 26 
30 49 25 31 41 34 30 44 23 42 
22 44 22 37 25 25 39 35 31 34 
21 30 45 37 43 28 27 45 27 46 
27 23 44 50 28 23 30 24 31 39 
40 50 46 39 47 38 28 38 27 36 
25 49 21 29 39 38 30 47 22 25 
43 23 33 27 40 40 41 47 36 33 
42 46 22 41 31 32 28 31 41 38 
30 38 21 36 35 26 45 41 37 32 
36 48 38 20 43 36 21 49 23 44 
28 46 45 49 22 48 26 44 30 29 
27 40 43 44 47 47 34 29 22 50 
37 32 46 50 33 22 22 20 23 45 
24 46 30 48 28 41 27 39 49 49 
36 47 40 26 39 31 47 30 24 43 
33 37 38 22 28 33 49 24 34 44 
29 32 28 37 30 37 38 46 39 49 
45 37 26 41 41 23 41 30 49 42 
26 47 48 39 29 25 29 23 44 31 
31 32 50 34 34 29 36 44 24 44 
50 27 47 36 23 48 34 44 38 24 
28 47 36 35 24 36 37 21 48 43 
46 49 36 34 37 23 34 37 28 22 
45 30 29 22 41 44 23 40 48 30 
27 42 35 33 35 46 45 30 21 22 
35 42 27 44 42 23 35 50 49 39 
45 25 38 40 29 32 27 46 48 36 
25 45 29 20 30 50 34 35 30 35 
20 21 40 42 41 49 28 32 28 40 
25 44 48 23 49 30 36 38 48 28 
36 34 49 44 21 41 21 23 37 24 
25 30 26 42 43 24 42 28 39 26 
28 35 26 28 49 36 21 24 35 49 
37 29 40 41 32 39 37 21 35 47 
46 27 25 29 46 46 20 24 41 48 
22 38 37 23 21 45 29 24 23 49 
49 31 37 49 40 28 29 34 29 22 
50 30 47 48 31 42 26 31 42 47 
20 31 30 36 49 46 28 49 33 38 
36 21 27 22 21 46 42 30 42 38 
43 20 25 21 32 34 40 44 40 34 
37 43 49 35 23 31 38 26 29 45 
46 33 27 28 39 29 21 47 22 42 
40 21 21 33 39 46 35 45 32 28 
42 40 38 34 30 24 46 40 39 37 
22 30 32 33 27 24 39 32 48 20 
39 25 22 38 46 24 50 26 26 46 
47 29 43 47 48 43 50 35 38 46 
46 41 22 20 29 35 34 36 25 34 
22 41 21 38 49 36 43 26 38 32 
21 32 31 23 29 47 22 29 44 37 
21 22 32 29 32 25 23 23 46 45 
33 33 26 50 44 34 38 20 25 26 
20 29 21 37 26 43 23 47 29 47 
24 40 26 24 45 42 20 27 26 40 
41 41 40 29 22 50 27 26 45 28 
45 40 50 49 20 39 41 29 45 37 
34 38 31 49 23 44 47 50 43 42 
23 28 32 34 29 24 31 48 23 32 
37 25 44 50 30 44 35 41 28 48 
44 21 20 23 30 33 33 46 35 41 
37 40 40 39 41 24 34 44 42 45 
34 24 46 44 31 34 44 46 42 27 
39 48 26 21 23 30 37 42 48 22 
29 36 28 41 39 24 20 22 24 42 
50 44 41 36 21 31 20 38 26 43 
31 34 33 25 29 39 40 36 39 27 
39 29 40 45 34 42 39 28 24 34 
26 25 41 34 34 25 30 21 37 49 
21 36 32 24 38 27 29 40 46 40 
33 26 20 37 45 45 23 23 26 20 
21 34 46 41 21 27 44 43 47 40 
34 23 44 43 22 38 49 44 34 31 
43 38 48 35 41 32 44 46 24 24 
32 30 27 48 43 28 46 39 22 27 
35 45 29 28 44 26 38 22 31 43 
24 50 25 28 26 27 29 35 40 47 
28 48 24 36 42 43 29 26 28 43 
26 39 50 47 49 47 23 20 25 25 
31 21 31 41 42 39 35 21 23 32 
36 39 23 43 29 34 26 32 33 20 
30 32 28 35 20 26 41 38 43 30 
20 45 30 46 45 49 40 36 26 42 
47 39 20 47 37 20 27 45 38 37 
43 34 43 35 46 44 49 21 30 32 
45 47 20 44 46 47 33 46 23 45 
32 34 39 36 33 43 40 50 28 40 
49 41 39 49 46 39 29 32 50 20 
40 30 43 47 26 23 43 48 47 26 
27 46 25 29 46 29 20 45 24 35 
48 35 30 33 49 23 37 41 45 30 
30 27 50 28 40 46 48 46 41 46 
37 30 35 37 20 41 40 39 44 31 
27 26 32 39 45 26 39 36 38 49 
24 31 37 27 21 23 30 28 26 42 
25 31 35 38 22 34 44 25 46 38 
42 34 49 23 32 42 37 45 41 43 
32 23 40 23 40 39 42 40 40 27 
48 41 49 30 46 45 27 45 27 49 
34 23 21 28 33 48 21 44 27 28 
49 42 36 38 47 45 38 44 35 29 
26 33 42 27 30 48 32 39 22 28 
20 32 33 32 47 47 20 30 30 46 
25 23 45 48 43 48 30 30 24 42 
35 36 50 49 30 46 31 39 35 26 
33 50 26 22 50 31 41 43 22 39 
20 33 31 24 43 32 21 45 44 26 
33 24 36 25 39 45 50 21 29 29 
20 30 31 34 36 46 46 36 33 21 
38 47 40 30 44 50 50 38 40 34 
49 25 22 31 29 42 23 39 27 36 
31 41 20 50 32 50 33 34 29 47 
27 46 27 42 29 24 40 48 22 30 
45 26 41 34 39 35 39 44 47 29 
27 41 38 44 33 48 38 20 50 44 
48 22 38 23 30 49 35 28 42 25 
30 38 23 47 28 48 38 31 45 37 
43 39 20 31 45 31 27 33 25 36 
34 45 28 37 28 34 29 42 46 48 
26 20 46 22 46 26 27 47 48 47 
22 50 31 20 36 20 32 36 50 50 
47 37 44 38 32 26 47 35 23 27 
42 50 38 20 29 50 25 29 31 44 
50 34 45 45 40 30 33 50 46 31 
50 31 50 35 30 22 33 28 49 28 
34 20 30 45 47 43 33 38 35 44 
21 31 41 37 48 30 40 47 29 26 
36 27 33 28 42 20 30 44 36 21 
44 24 46 27 21 41 49 21 42 47 
48 20 45 49 37 26 28 22 24 20 
38 45 31 22 20 24 41 21 48 21 
28 30 50 22 25 49 35 34 34 20 
29 42 29 36 22 28 42 39 42 25 
23 30 41 35 31 39 46 23 25 28 
37 29 39 50 35 36 20 36 50 29 
32 24 33 44 35 31 45 39 43 36 
39 32 31 37 35 21 28 43 46 42 
40 30 43 31 30 27 43 39 40 49 
45 46 33 32 25 40 26 33 50 45 
37 31 37 22 31 42 37 21 30 37 
30 37 35 37 45 49 20 32 33 47 
33 27 21 20 34 49 31 39 31 25 
41 34 34 35 34 35 32 23 39 31 
47 28 27 50 32 41 38 22 34 31 
42 24 42 27 32 40 43 49 45 40 
50 42 22 25 44 25 33 47 41 29 
37 23 39 28 34 46 30 42 36 36 
27 20 32 26 40 47 36 36 20 23 
47 40 31 33 40 20 44 42 24 29 
48 20 24 32 23 33 46 36 20 32 
26 23 26 33 23 39 40 21 21 45 
21 27 37 27 48 25 22 25 21 49 
37 47 37 45 23 31 39 27 31 50 
27 39 37 28 28 48 29 22 38 31 
42 43 21 43 27 45 32 50 28 32 
27 44 36 34 44 38 22 32 42 20 
47 23 34 48 38 36 41 43 31 24 
28 27 40 48 37 20 46 39 42 50 
35 46 33 46 29 30 44 26 45 30 
46 27 30 30 50 36 31 21 27 42 
30 29 21 43 27 37 35 49 32 36 
33 41 20 33 35 22 33 44 37 24 
50 42 50 48 46 39 44 48 50 35 
22 27 41 44 50 20 26 48 43 20 
21 45 31 21 35 47 30 47 38 50 
22 35 44 32 22 40 45 31 32 47 
34 49 25 25 20 44 26 49 27 37 
21 23 33 26 21 22 36 31 21 40 
30 22 44 50 43 26 33 21 27 28 
50 24 41 50 35 30 28 46 21 46 
39 46 27 22 48 26 37 23 39 23 
34 27 49 20 27 22 35 22 21 22 
30 29 32 24 39 34 43 44 41 31 
29 42 28 40 23 42 40 30 30 36 
44 39 24 30 20 37 41 36 34 46 
44 30 22 39 26 44 25 31 49 24 
30 29 31 22 49 40 31 26 21 41 
47 31 39 24 48 38 37 33 49 35 
27 20 46 26 36 32 24 46 38 20 
31 23 20 41 27 45 34 48 29 44 
36 21 28 43 39 40 29 41 43 26 
38 39 23 44 35 49 38 43 42 22 
41 27 43 25 32 27 49 46 42 29 
38 29 36 37 38 35 45 33 47 39 
33 45 30 50 25 31 36 33 37 43 
31 23 33 25 37 22 33 40 42 34 
46 47 27 21 37 32 49 32 20 32 
31 31 21 22 42 41 29 42 45 38 
26 46 35 41 50 49 20 23 35 42 
44 46 47 25 43 32 41 36 41 37 
37 29 28 34 50 35 25 47 48 28 
37 37 31 24 46 48 34 20 37 50 
46 32 38 42 50 26 40 42 31 50 
25 25 28 27 49 46 30 23 36 22 
49 34 21 31 31 27 35 23 33 32 
37 47 34 39 42 26 27 37 24 42 
30 24 48 28 38 35 45 50 49 27 
22 24 34 32 50 42 30 48 35 33 
49 40 24 26 50 45 20 35 44 29 
50 37 20 36 42 49 43 23 43 24 
35 42 45 29 34 43 20 30 34 47 
45 41 42 42 35 35 48 44 48 32 
42 42 24 28 40 46 37 26 26 37 
30 27 27 32 35 39 36 49 48 26 
23 33 34 27 41 33 35 21 45 20 
27 37 44 27 49 29 22 31 25 29 
22 28 44 27 38 34 43 46 35 48 
31 41 27 26 44 50 35 31 49 35 
46 37 21 37 37 20 42 20 45 27 
22 20 35 44 28 23 23 50 36 33 
21 31 32 48 39 40 45 44 38 29 
43 23 36 27 32 22 21 42 25 45 
26 43 40 49 49 23 45 44 22 32 
20 30 22 50 30 23 30 47 36 26 
27 33 50 28 42 25 28 30 38 30 
20 46 37 24 40 44 21 26 35 41 
45 32 33 39 40 23 23 24 22 33 
38 34 44 40 33 47 27 44 42 46 
47 38 36 43 35 38 34 23 49 26 
28 29 26 21 46 24 33 32 20 48 
26 22 29 30 34 48 41 41 43 20 
22 35 48 29 45 36 27 32 50 22 
42 29 45 46 36 39 35 42 50 36 
49 29 22 43 25 26 24 47 21 42 
36 41 22 47 36 24 49 32 46 46 
33 43 41 32 30 36 44 25 20 48 
47 35 37 25 47 23 43 39 47 33 
31 47 50 32 42 49 33 50 27 49 
24 43 39 41 24 42 23 45 32 47 
39 23 20 49 36 45 25 25 22 48 
47 40 48 47 37 46 43 34 45 38 
27 26 36 42 30 24 31 29 39 48 
26 32 26 43 47 46 33 20 22 40 
34 41 28 33 43 47 24 29 49 39 
26 44 36 45 32 48 39 24 46 45 
45 31 35 23 35 44 41 32 27 40 
48 29 46 34 21 26 30 32 46 35 
27 28 24 20 37 24 35 39 43 32 
30 25 34 39 44 30 40 45 50 30 
32 23 28 38 38 30 30 41 27 42 
23 50 26 29 24 33 41 36 36 46 
28 45 23 41 44 26 40 28 23 42 
22 23 35 24 34 36 47 35 37 26 
21 47 28 43 44 38 20 45 47 30 
29 40 50 43 45 38 22 50 26 24 
22 38 34 47 31 32 24 36 41 35 
43 21 26 35 43 36 43 41 34 44 
50 44 36 47 44 34 28 46 26 36 
26 36 49 34 42 50 27 24 30 21 
44 40 41 24 42 20 34 37 46 37 
20 50 32 28 31 34 30 26 25 43 
32 40 31 48 42 47 43 40 45 21 
24 25 24 27 33 25 28 30 26 31 
40 33 31 23 23 48 28 25 50 21 
48 38 26 33 44 28 39 30 45 20 
24 41 30 21 36 40 21 24 41 21 
20 34 44 48 48 30 48 49 23 46 
47 44 34 35 35 30 36 27 43 32 
25 45 23 29 30 46 43 20 42 29 
32 24 29 27 48 42 21 26 39 20 
45 50 34 36 37 23 24 34 34 42 
21 25 30 33 21 38 35 34 27 44 
30 40 25 45 25 36 21 47 44 23 
32 41 47 33 42 20 48 29 46 28 
36 28 49 44 27 39 29 36 28 40 
45 46 42 45 43 31 25 27 36 42 
34 21 39 37 45 35 26 39 44 47 
46 42 45 32 37 38 39 46 49 41 
41 45 46 31 31 45 23 45 21 26 
24 44 32 38 42 50 20 20 47 28 
32 28 26 28 48 47 34 23 44 42 
40 41 21 26 41 41 32 48 42 43 
26 20 50 31 24 49 36 24 29 40 
28 43 32 28 28 42 24 24 41 50 
24 32 50 36 33 38 36 24 41 37 
41 35 42 38 43 31 50 28 36 21 
31 24 26 43 29 22 37 40 46 50 
35 39 49 38 36 39 24 23 29 42 
32 49 46 41 24 35 49 21 47 49 
49 30 35 32 32 45 37 34 46 39 
48 43 34 23 27 24 27 25 23 35 
21 36 26 34 42 22 47 27 36 45 
50 22 35 43 23 43 42 24 41 38 
24 33 28 34 49 21 46 36 21 22 
47 32 30 40 37 37 46 50 32 36 
27 33 47 32 32 37 29 35 26 47 
27 43 43 47 27 46 21 45 34 28 
23 23 47 23 31 46 50 43 44 20 
37 42 22 40 27 20 49 49 30 25 
39 20 39 47 49 47 38 38 29 26 
42 40 30 48 39 47 28 43 21 30 
47 33 38 44 20 29 24 31 22 37 
37 48 45 49 47 28 26 42 43 23 
38 20 43 20 28 34 44 30 45 47 
21 31 26 22 27 25 24 38 31 45 
32 40 32 45 28 45 40 37 32 39 
21 26 28 48 50 28 39 36 27 29 
38 50 23 22 21 49 21 20 33 36 
41 35 32 39 23 39 30 48 27 31 
33 32 22 37 38 30 20 36 48 32 
46 46 31 26 45 39 36 39 33 49 
40 32 22 47 40 30 29 45 23 24 
44 31 39 46 47 32 50 33 48 43 
50 26 23 50 36 40 23 42 34 43 
30 27 32 28 38 37 43 28 27 26 
21 31 26 36 47 30 27 46 35 20 
40 31 37 34 37 32 36 33 48 28 
20 30 47 21 35 47 28 33 30 46 
47 40 39 32 20 42 43 39 25 40 
44 22 49 41 22 49 49 33 33 41 
29 35 40 42 46 24 48 50 35 23 
29 41 48 39 43 25 47 49 45 37 
37 41 33 24 46 40 28 33 32 25 
29 45 33 44 38 45 31 23 32 49 
21 30 34 48 26 25 45 45 23 31 
40 27 33 46 45 40 50 49 31 46 
35 30 33 32 40 30 28 29 28 26 
25 28 26 46 21 33 40 31 25 34 
40 44 49 25 20 36 42 29 20 28 
49 41 35 28 25 48 28 38 40 20 
36 48 36 45 26 32 22 49 24 22 
36 33 50 45 50 43 25 32 45 27 
42 32 33 32 26 28 23 25 50 48 
33 24 47 22 44 26 20 27 30 22 
21 44 29 40 27 36 40 34 21 32 
44 48 33 46 24 31 26 48 29 29 
42 26 22 20 36 24 49 37 42 37 
25 35 32 20 47 22 41 25 44 50 
39 47 27 41 49 43 28 43 40 24 
28 47 28 37 32 28 26 31 26 46 
48 50 30 47 31 27 49 45 23 39 
21 25 31 39 35 35 35 20 32 37 
46 28 49 34 40 29 25 23 36 39 
28 31 38 45 30 38 40 34 41 37 
49 20 32 38 31 35 27 27 34 40 
39 22 40 28 27 24 21 48 49 36 
29 27 32 42 27 31 49 33 26 28 
48 24 25 43 48 46 34 29 41 29 
47 36 24 36 50 45 38 47 22 39 
25 50 36 47 43 26 33 48 45 23 
29 50 30 30 44 22 44 30 42 33 
43 37 47 30 44 23 44 29 37 20 
20 26 44 23 21 48 37 48 30 46 
20 36 37 32 34 31 27 38 34 29 
29 38 50 25 26 40 35 27 38 46 
28 44 45 47 41 33 48 25 49 42 
39 50 40 24 31 45 23 37 35 46 
24 26 20 29 49 50 37 40 20 20 
50 28 28 38 40 26 43 32 20 21 
21 47 22 43 33 38 32 24 42 33 
28 40 43 36 24 28 32 33 24 21 
36 46 48 29 41 28 41 37 20 47 
41 40 25 31 44 31 23 49 24 21 
36 46 41 38 29 50 50 27 25 30 
27 31 46 34 31 25 46 23 49 29 
48 33 36 25 47 48 41 42 41 34 
30 37 20 30 39 43 49 26 49 20 
29 30 47 42 35 46 34 41 31 21 
34 39 35 47 43 26 32 45 26 22 
21 26 42 22 25 36 45 29 39 40 
20 32 25 21 21 33 50 32 22 22 
21 48 48 39 37 31 39 40 49 49 
32 28 43 47 46 39 29 37 45 44 
37 39 27 35 33 46 36 34 48 24 
27 44 22 32 31 39 21 25 43 31 
30 50 35 26 41 34 46 39 23 44 
23 48 22 26 42 42 36 49 46 23 
41 26 27 25 50 37 36 23 49 37 
33 49 28 28 21 21 29 43 37 29 
28 41 50 28 32 34 47 38 42 40 
50 37 21 50 32 36 34 42 25 20 
36 27 48 31 48 41 30 26 34 25 
35 27 20 31 30 23 26 23 34 33 
23 49 28 43 39 26 36 46 43 36 
47 28 38 39 47 42 27 24 50 27 
49 45 29 40 29 30 28 44 33 30 
40 31 33 35 26 47 22 21 24 28 
47 38 28 23 48 41 32 44 40 32 
42 35 46 36 50 42 47 25 37 34 
49 21 45 38 36 31 21 20 28 43 
23 25 29 36 41 45 40 25 28 33 
32 30 23 41 27 34 42 24 40 23 
26 38 41 43 21 49 31 48 46 43 
32 27 39 21 46 34 32 22 38 31 
43 22 41 30 45 30 26 30 27 20 
29 31 44 43 41 21 38 25 33 41 
46 49 31 25 30 38 28 23 35 32 
40 37 35 27 50 31 36 41 32 38 
29 49 25 45 28 46 44 49 43 28 
37 40 39 27 29 40 27 33 26 32 
48 26 42 22 38 49 40 43 40 40 
25 34 28 30 33 38 27 23 35 23 
28 21 30 29 20 31 28 29 36 31 
23 28 33 28 35 46 34 23 41 50 
40 45 25 45 20 48 50 41 22 38 
47 48 39 24 47 45 22 25 22 26 
35 20 31 30 31 41 38 23 32 28 
40 38 32 30 35 28 26 32 40 25 
31 40 47 46 25 36 50 26 23 49 
25 39 44 38 46 47 29 24 34 31 
47 28 26 23 29 50 21 21 30 39 
49 26 41 31 42 25 49 42 40 21 
34 45 34 29 38 36 24 37 32 25 
35 45 23 23 21 33 27 37 50 32 
44 43 40 49 39 47 35 42 50 38 
33 47 20 21 21 49 49 29 40 37 
46 22 27 40 49 41 37 29 40 29 
35 21 50 23 43 43 44 39 44 23 
21 32 45 46 22 25 20 22 43 31 
42 31 24 48 24 28 45 25 26 31 
41 37 33 38 42 41 47 29 45 20 
43 45 42 45 30 37 27 48 42 46 
32 30 42 40 41 20 43 24 24 44 
31 26 31 47 23 23 46 37 43 49 
32 28 50 36 24 25 28 20 26 31 
27 41 38 45 34 41 46 22 41 32 
28 28 47 20 29 25 48 20 46 44 
28 45 45 27 21 35 21 41 38 23 
32 49 50 45 46 45 48 44 40 39 
42 42 46 30 22 32 28 21 32 23 
42 48 47 32 46 48 22 33 23 37 
41 34 27 44 38 23 30 43 40 38 
44 44 34 26 45 43 37 36 29 24 
43 30 33 20 40 37 41 37 31 20 
28 43 42 47 40 23 24 24 47 29 
50 43 26 41 37 38 39 27 43 21 
26 24 40 37 35 37 42 33 23 49 
33 50 29 36 29 21 29 44 34 34 
31 46 42 50 47 46 25 30 42 27 
33 46 42 46 33 47 49 28 46 29 
47 33 30 30 46 27 23 25 46 39 
48 41 35 35 21 24 43 23 39 40 
29 38 32 34 21 21 22 37 46 31 
43 49 36 45 20 24 43 27 32 45 
26 37 40 23 40 22 45 50 28 30 
32 31 36 21 47 41 49 35 48 23 
45 47 37 47 23 29 39 25 21 44 
46 27 23 32 32 25 41 34 23 29 
25 39 41 22 44 24 38 44 35 36 
27 28 31 46 28 22 42 38 26 48 
31 31 43 50 45 27 35 30 46 23 
50 47 35 47 28 37 32 36 32 34 
47 45 37 30 32 34 42 37 26 35 
20 27 36 20 50 26 35 33 20 21 
40 45 50 49 36 32 39 31 32 50 
45 30 43 49 28 30 29 24 34 44 
20 23 47 33 34 45 32 49 34 20 
21 46 42 41 28 37 20 49 25 35 
49 40 20 49 34 41 33 49 23 43 
23 44 20 22 33 46 31 27 49 24 
44 40 37 45 41 48 29 34 21 49 
48 40 32 35 39 35 24 41 38 25 
23 21 22 25 28 47 27 21 22 36 
23 25 33 49 20 42 37 50 23 22 
42 24 45 41 27 22 38 27 47 47 
28 46 31 32 30 35 23 47 50 37 
20 50 22 27 37 33 38 27 49 38 
30 26 23 44 21 47 23 39 48 33 
45 33 21 28 28 29 49 36 36 49 
50 28 38 26 32 40 50 29 33 35 
46 33 29 37 24 32 46 49 25 42 
22 21 46 40 32 45 46 47 34 20 
47 50 47 50 47 23 40 20 40 37 
39 47 45 44 43 31 44 44 43 35 
47 38 30 45 22 38 24 42 25 40 
32 50 47 31 43 36 39 38 33 39 
35 29 41 34 28 41 24 46 34 26 
28 26 40 32 46 47 33 44 24 50 
25 50 30 27 46 33 23 26 24 39 
31 40 45 49 35 33 32 34 44 24 
48 39 38 40 49 23 44 21 43 34 
41 26 23 34 29 26 22 45 32 37 
28 48 38 30 36 36 39 47 36 20 
49 32 45 48 48 28 40 50 23 23 
29 28 40 48 23 21 22 48 35 47 
47 38 23 48 50 37 39 27 47 50 
21 39 21 25 36 48 36 39 40 21 
20 43 49 36 30 26 29 29 40 27 
47 50 47 34 43 35 20 37 43 49 
23 43 32 31 31 46 50 26 48 34 
21 46 45 47 25 34 34 26 49 29 
20 47 33 44 22 40 42 33 44 44 
38 24 38 39 46 23 22 42 44 29 
28 36 40 48 23 34 43 43 27 45 
47 28 22 31 31 47 44 43 44 49 
25 46 26 50 20 45 50 47 40 33 
33 29 40 44 22 23 39 43 39 44 
30 26 34 35 44 36 49 23 24 29 
31 33 44 25 40 45 49 35 26 42 
26 21 38 32 23 25 23 21 36 49 
45 47 35 22 24 24 45 39 34 49 
32 44 35 28 41 40 46 27 49 44 
33 40 45 50 24 40 23 34 20 34 
39 49 46 50 43 27 43 31 24 47 
31 27 42 30 30 40 49 27 35 42 
37 33 36 39 37 48 21 29 47 22 
44 40 20 35 21 36 43 31 28 37 
38 31 49 33 46 26 34 34 39 44 
37 31 37 26 49 24 44 49 37 32 
37 38 31 33 49 22 23 39 45 26 
49 36 24 23 49 44 38 22 48 47 
33 46 22 36 23 37 33 44 20 31 
40 45 22 22 42 45 45 38 39 23 
28 47 20 42 33 38 22 33 24 45 
39 31 46 31 38 40 28 23 36 42 
39 26 37 23 24 43 43 28 35 30 
50 35 37 31 29 40 39 39 35 49 
44 29 46 30 21 44 43 44 39 44 
30 46 24 50 47 30 43 21 34 36 
27 34 23 27 43 21 49 26 48 38 
20 30 33 41 50 31 47 25 48 31 
25 39 47 44 35 49 41 47 45 22 
38 26 50 24 30 47 22 45 25 40 
35 26 32 32 38 41 34 26 49 33 
39 27 23 37 40 34 39 43 48 38 
35 30 45 29 26 30 20 33 42 24 
20 38 31 36 40 28 50 21 23 30 
50 20 34 30 41 32 26 47 41 20 
49 27 48 38 42 27 29 36 37 50 
42 43 47 32 29 32 46 35 23 43 
31 23 41 40 35 26 45 46 45 21 
29 48 36 43 22 48 27 27 36 43 
41 30 31 47 48 50 45 46 47 27 
45 38 38 21 28 50 49 36 20 33 
22 38 48 47 31 28 45 49 36 32 
49 49 29 45 26 23 44 33 50 38 
35 44 38 27 24 36 39 23 35 27 
27 41 40 45 38 27 21 46 50 21 
23 41 47 31 29 21 45 50 37 34 
47 22 21 46 38 40 21 32 44 37 
47 26 22 43 20 35 49 33 33 29 
34 33 21 40 44 43 40 31 37 28 
20 32 38 26 26 34 31 29 23 45 
43 38 34 20 42 22 47 25 29 28 
35 33 34 47 32 42 46 45 27 42 
39 40 21 36 40 37 48 31 42 42 
50 21 22 50 29 32 46 48 32 29 
43 43 40 48 38 20 43 22 31 20 
48 42 37 29 27 34 43 50 40 23 
45 22 26 24 32 45 26 40 29 39 
27 49 47 25 35 36 44 25 43 31 
41 36 22 33 30 48 38 39 48 47 
29 28 37 33 48 48 23 20 39 39 
49 31 48 33 34 39 33 40 32 31 
37 21 36 44 33 50 40 28 50 44 
42 35 45 34 31 40 39 29 41 30 
26 23 34 44 43 27 24 41 27 45 
37 37 42 28 24 42 32 26 34 50 
43 25 39 48 37 47 40 41 49 27 
47 34 26 41 32 37 29 34 44 27 
38 20 47 29 46 33 34 43 33 40 
29 26 22 21 37 46 40 26 26 39 
36 40 24 27 44 26 26 50 50 39 
36 38 40 23 32 36 37 44 25 32 
40 34 35 41 46 27 41 36 40 43 
21 28 38 34 35 37 43 24 33 36 
28 30 39 43 47 21 41 49 26 36 
39 48 50 23 24 25 39 32 34 46 
24 36 26 21 20 21 39 27 39 50 
47 48 32 38 36 21 27 26 28 50 
27 24 37 29 21 23 32 47 24 48 
24 40 47 30 45 40 31 41 38 49 
24 39 23 40 31 50 41 40 47 37 
24 46 46 45 34 44 42 25 47 39 
34 49 50 40 49 50 34 35 28 35 
50 24 23 39 48 49 38 40 24 26 
21 26 32 50 24 31 33 40 30 42 
37 27 22 48 27 39 32 25 21 37 
23 20 20 22 34 41 21 21 44 30 
43 40 42 45 25 23 38 40 36 34 
47 24 43 25 32 21 48 34 26 42 
29 21 30 37 38 47 20 40 24 31 
39 30 24 26 23 42 28 37 33 46 
40 35 22 22 34 22 39 23 22 50 
48 26 30 35 49 21 34 45 28 37 
29 49 29 39 45 28 45 24 31 26 
43 29 21 32 36 40 44 42 29 28 
36 21 29 45 26 29 32 22 28 41 
44 28 34 23 24 36 42 46 23 38 
37 32 41 44 30 43 48 44 26 50 
47 24 28 20 40 43 28 48 31 30 
30 37 48 26 27 31 34 48 40 36 
31 24 23 34 48 26 32 23 48 39 
34 42 35 37 44 35 39 26 44 44 
33 35 27 27 35 36 32 40 39 48 
27 21 21 48 27 22 35 31 46 28 
33 36 37 41 49 28 50 47 24 40 
49 23 20 48 50 45 23 44 46 24 
39 49 44 41 47 22 29 42 42 24 
30 44 36 26 21 29 42 47 36 41 
39 22 27 31 24 26 39 33 21 47 
45 43 40 46 36 28 32 33 34 34 
23 20 32 46 25 31 33 21 45 28 
23 37 30 41 30 31 26 27 31 25 
50 40 31 20 50 40 46 27 22 21 
49 35 31 20 25 33 50 33 34 45 
44 40 47 38 34 49 31 38 50 45 
45 36 31 26 43 20 29 23 33 28 
47 26 22 20 38 33 34 36 25 25 
36 30 47 41 35 24 46 28 41 26 
26 29 27 50 30 29 25 38 27 31 
34 43 46 26 20 37 45 45 21 40 
41 35 46 38 33 27 43 21 30 33 
27 25 23 20 46 44 43 31 41 50 
36 34 44 29 45 40 23 28 36 25 
35 35 45 37 41 42 47 37 44 39 
27 30 29 47 40 42 41 41 23 38 
32 28 40 39 42 44 24 41 37 42 
40 34 25 40 20 41 45 36 21 42 
48 24 40 41 31 22 23 23 47 32 
47 49 46 41 37 24 38 37 42 21 
37 39 34 41 50 48 24 33 40 36 
50 23 29 33 30 41 27 49 45 42 
38 34 32 43 47 29 21 29 31 40 
31 36 39 46 40 34 24 21 26 50 
49 34 36 50 39 43 37 45 34 22 
29 27 26 32 32 20 38 40 30 42 
39 33 50 48 47 42 30 27 28 46 
31 28 43 38 48 24 49 31 46 34 
36 47 48 28 37 50 43 35 48 35 
26 31 21 27 32 37 27 47 26 41 
22 47 25 25 23 28 42 24 33 20 
21 26 26 44 48 43 26 36 35 50 
25 24 24 30 35 28 48 30 40 20 
48 41 37 20 47 44 48 49 48 34 
49 25 48 25 23 44 26 30 46 37 
28 43 26 40 26 26 44 47 23 36 
25 41 38 32 32 39 41 49 37 41 
40 48 30 42 42 50 49 30 25 44 
48 39 39 28 39 35 22 45 26 26 
45 32 50 33 22 22 28 32 29 35 
22 22 38 23 35 20 23 35 46 33 
26 23 24 23 28 41 36 27 25 22 
26 28 50 36 32 31 45 43 41 20 
50 38 38 32 27 33 30 40 39 28 
32 28 37 27 43 35 39 28 22 30 
20 29 36 50 29 22 36 45 20 27 
20 40 35 24 33 23 30 39 43 24 
41 22 39 46 27 26 38 49 36 50 
25 29 29 42 24 25 40 43 45 48 
50 26 31 21 34 32 41 27 36 34 
22 31 42 21 38 37 23 25 41 20 
26 26 49 26 21 45 36 41 39 25 
21 25 38 25 21 25 30 39 29 41 
38 38 48 50 28 26 45 23 23 49 
22 22 37 32 23 35 37 21 38 38 
34 34 36 45 47 27 45 33 25 30 
33 21 34 41 21 20 37 23 38 28 
21 42 22 46 46 33 43 34 33 32 
25 34 50 43 32 27 33 29 32 40 
45 34 39 33 32 45 32 49 26 34 
37 24 30 41 36 40 27 37 44 35 
32 22 49 50 50 40 25 27 42 27 
30 21 33 50 44 24 22 31 38 22 
35 20 41 33 42 25 29 20 32 47 
20 44 30 24 20 25 26 42 36 21 
36 22 28 21 42 46 46 25 45 42 
34 28 33 40 24 36 31 24 20 25 
36 40 40 42 32 21 35 36 50 38 
46 27 25 44 26 35 22 42 36 31 
29 50 26 39 41 25 34 34 20 31 
42 45 34 23 48 20 50 29 28 32 
39 26 42 25 42 39 49 46 46 27 
50 35 32 47 36 27 29 41 43 32 
34 41 26 38 43 38 20 49 23 50 
29 30 34 40 45 34 40 46 21 42 
35 40 48 35 49 33 45 32 28 24 
41 26 40 43 24 23 41 40 34 45 
36 24 29 47 43 22 32 21 27 39 
29 46 29 44 20 40 31 22 50 42 
24 44 36 41 23 46 32 26 43 25 
23 48 28 30 41 45 34 42 23 21 
43 21 45 47 37 27 38 48 37 50 
24 44 33 30 31 42 31 42 30 50 
26 24 47 48 36 24 32 23 42 42 
21 34 28 37 33 47 46 49 36 48 
50 48 22 20 25 38 26 21 39 41 
36 50 37 36 49 39 23 26 39 38 
47 34 21 22 50 47 29 44 45 31 
44 35 29 24 49 24 43 44 43 31 
50 47 47 50 28 23 20 23 47 30 
40 47 40 25 45 47 27 36 39 28 
37 48 48 45 36 35 22 29 30 33 
41 26 32 39 48 31 22 40 21 35 
44 36 35 35 29 32 47 22 34 37 
44 28 31 35 43 23 35 40 48 29 
44 33 20 49 33 35 43 27 28 26 
33 23 31 26 45 30 27 22 39 30 
26 33 36 29 47 48 47 47 31 23 
46 49 31 39 23 31 21 21 27 35 
34 25 38 39 22 27 50 40 22 50 
26 22 26 26 44 47 27 36 37 47 
47 44 44 40 40 49 32 44 50 28 
31 37 40 49 46 37 30 43 22 43 
40 26 29 40 45 38 20 49 46 34 
26 42 32 48 25 41 25 30 30 33 
21 26 36 44 40 42 35 22 37 32 
20 23 32 37 38 22 44 25 36 49 
26 32 45 34 29 34 45 50 23 31 
43 22 44 47 31 35 20 28 32 49 
50 36 34 37 33 24 48 22 27 33 
41 49 38 31 48 29 48 38 35 46 
43 43 34 30 38 25 41 40 41 30 
29 23 30 28 40 50 34 25 24 25 
30 28 37 38 35 45 24 34 22 41 
26 39 43 27 20 37 23 44 45 40 
28 26 37 26 21 26 27 50 43 22 
45 41 35 42 36 20 45 25 25 44 
27 26 50 23 43 26 47 34 38 48 
28 47 42 36 48 25 31 40 46 33 
36 33 43 49 47 31 28 30 30 50 
50 36 42 37 25 25 45 49 20 49 
40 49 48 27 46 30 26 21 38 45 
23 34 22 35 30 42 43 27 31 24 
34 38 39 23 21 29 50 22 21 44 
48 21 32 31 34 24 46 35 42 31 
46 46 21 46 27 37 49 35 46 41 
24 33 37 31 26 20 47 43 39 31 
28 49 21 37 40 32 28 23 39 36 
35 45 43 34 33 44 39 40 32 24 
24 41 30 36 33 28 20 21 25 40 
33 25 24 48 41 22 27 27 40 40 
27 23 27 34 49 34 33 45 42 28 
26 36 37 30 26 39 48 38 46 43 
49 39 45 50 31 32 45 22 44 27 
33 28 21 32 37 26 29 43 21 29 
45 29 38 28 45 24 44 20 32 36 
46 48 30 25 41 45 38 30 31 32 
40 45 26 39 36 34 49 27 32 44 
35 30 29 24 32 29 50 23 50 35 
26 27 48 39 32 47 21 50 49 34 
28 23 47 50 33 22 32 41 43 46 
29 23 48 28 30 22 25 46 48 23 
21 36 39 24 21 23 27 29 31 39 
28 31 36 38 25 34 32 34 34 43 
41 34 46 48 35 22 33 32 29 50 
44 26 22 24 48 29 32 22 46 46 
47 38 33 46 44 44 44 33 24 48 
46 32 22 40 39 23 26 49 49 45 
20 28 25 20 32 39 43 23 24 38 
50 49 33 50 33 22 20 24 26 43 
32 45 33 22 20 26 48 21 29 30 
46 30 42 42 33 28 39 22 48 21 
27 49 46 26 42 38 35 28 41 43 
38 36 20 20 48 46 38 26 33 26 
38 43 23 33 32 40 41 21 26 35 
41 22 35 28 36 23 39 32 25 39 
50 37 38 34 31 22 35 33 38 25 
24 44 38 46 35 24 28 46 37 48 
21 36 45 21 40 29 37 34 27 38 
27 37 41 37 33 40 42 28 29 47 
38 41 33 20 28 30 32 30 42 45 
20 45 31 47 48 34 38 49 34 27 
22 43 21 47 24 49 20 24 26 34 
50 38 21 39 43 39 24 30 27 38 
44 23 20 32 43 43 40 24 34 20 
36 41 48 33 42 49 22 36 23 21 
26 43 29 38 46 48 20 20 33 20 
39 28 25 43 46 25 32 48 32 38 
39 25 38 40 33 29 29 35 43 44 
50 48 44 31 42 23 23 37 28 21 
33 41 21 25 50 50 28 31 37 48 
47 36 43 25 35 24 22 33 49 42 
35 33 30 49 38 28 50 20 39 26 
27 23 39 28 27 33 27 41 33 47 
31 32 48 24 47 42 29 41 45 26 
42 23 27 36 20 44 21 24 31 45 
43 29 22 20 23 40 21 27 25 38 
41 29 44 25 37 40 33 28 48 20 
21 30 36 30 41 20 44 22 41 36 
37 26 42 27 23 35 26 35 32 32 
40 36 35 28 21 45 30 36 27 25 
24 38 31 22 45 28 31 29 33 46 
21 41 35 40 21 31 22 36 44 21 
30 30 43 47 20 27 21 25 20 40 
43 27 39 33 27 43 38 37 45 49 
26 31 34 20 30 49 20 38 35 31 
35 26 35 32 24 36 43 26 45 40 
50 45 20 33 43 27 39 42 28 50 
23 37 43 50 33 40 24 37 25 31 
39 23 25 37 20 47 26 26 30 43 
32 38 41 20 44 37 43 24 35 44 
26 35 26 49 34 23 34 22 27 50 
22 28 47 28 40 27 45 36 26 48 
49 49 43 50 33 44 20 49 29 29 
44 48 48 50 28 42 29 30 29 49 
27 39 26 39 45 37 31 49 20 20 
43 26 24 23 40 37 20 33 28 36 
24 28 34 31 40 28 32 37 43 41 
22 46 33 21 47 40 37 49 41 26 
27 33 33 48 44 39 33 50 29 38 
50 40 36 27 31 30 25 40 49 32 
33 43 26 25 23 29 25 45 27 47 
48 44 33 39 49 34 24 39 32 38 
30 46 44 21 44 41 41 50 44 30 
43 46 45 36 37 30 32 24 47 24 
50 47 49 33 27 23 20 24 33 45 
50 47 41 20 35 40 44 41 45 27 
21 50 37 42 36 43 26 31 24 36 
38 38 21 45 33 39 27 39 24 47 
43 31 44 22 37 45 31 50 38 43 
26 37 34 36 38 26 28 23 26 33 
31 43 44 46 27 22 48 21 44 27 
32 27 29 33 49 39 23 21 34 24 
45 39 49 48 29 24 22 30 27 36 
23 34 46 20 26 30 42 37 45 24 
48 47 43 50 44 22 50 41 32 31 
47 35 22 41 27 47 36 24 44 43 
36 43 26 32 46 27 26 28 43 38 
36 36 49 37 49 27 37 48 31 23 
25 21 33 35 34 47 32 35 44 40 
20 35 26 32 48 38 24 30 50 47 
20 33 30 44 30 45 39 35 38 31 
42 50 43 40 32 33 30 30 45 20 
37 32 50 48 50 22 42 21 20 39 
21 34 33 32 21 20 28 20 33 21 
46 22 44 22 36 36 47 38 49 30 
41 45 46 32 23 38 50 26 47 43 
44 42 32 25 39 22 35 47 23 45 
34 47 27 34 48 26 32 42 24 41 
32 25 34 49 48 41 50 34 25 28 
46 41 32 50 24 42 40 40 35 30 
36 36 43 46 40 49 46 22 29 33 
41 30 32 34 24 24 47 29 30 33 
37 35 45 47 49 28 50 33 35 39 
39 46 31 41 34 35 25 37 47 35 
39 41 27 23 38 30 48 31 43 40 
35 20 25 31 46 25 22 39 20 21 
41 40 48 24 49 20 23 34 36 24 
21 49 46 45 39 27 49 36 28 41 
21 21 38 22 23 48 36 21 47 24 
40 23 41 38 22 38 21 24 31 48 
37 24 44 49 43 45 30 49 41 42 
20 47 31 31 28 48 33 32 25 23 
45 30 46 45 46 36 26 46 35 26 
31 24 25 37 27 49 23 20 28 32 
45 30 36 38 35 25 21 35 40 23 
50 27 43 34 23 21 42 43 35 31 
24 27 44 22 44 34 27 34 48 36 
29 27 31 22 44 40 24 23 35 35 
26 21 31 31 45 42 23 33 22 44 
22 30 46 26 30 26 44 48 22 35 
27 48 32 28 46 33 26 46 48 38 
39 47 28 35 48 29 42 39 31 34 
50 25 36 50 41 32 36 48 31 38 
30 29 46 29 34 39 31 34 21 23 
41 30 29 34 48 36 26 37 37 33 
28 20 43 42 46 46 42 50 23 35 
46 33 37 37 45 28 35 50 21 31 
33 43 25 48 50 21 33 31 50 26 
50 41 41 24 36 33 50 44 39 31 
33 40 43 42 42 25 39 49 26 44 
30 46 44 32 21 25 32 43 26 46 
30 24 31 33 50 36 44 32 34 43 
22 38 40 24 26 45 27 41 44 39 
40 27 39 21 27 45 43 37 35 27 
35 38 24 43 44 27 49 47 32 21 
24 31 35 45 37 36 41 36 42 49 
44 28 22 38 21 44 38 45 34 29 
38 38 24 40 46 38 37 33 43 50 
21 39 25 50 32 32 27 20 23 23 
34 22 50 29 50 32 30 25 30 48 
48 42 35 20 33 26 27 22 22 44 
24 31 23 42 41 38 41 50 31 39 
47 45 46 43 38 28 50 29 29 27 
38 28 44 31 31 37 49 37 47 40 
46 22 44 28 25 30 46 47 20 50 
43 49 38 39 36 40 34 22 32 45 
47 40 48 42 34 24 42 28 26 46 
27 39 40 24 50 39 44 43 26 28 
46 25 22 42 48 20 45 26 40 47 
44 27 49 49 47 49 36 20 24 29 
25 42 28 25 36 41 28 26 29 45 
37 40 48 26 43 33 39 42 48 30 
22 42 44 44 34 33 22 42 27 35 
25 28 20 50 23 29 26 48 39 20 
46 20 46 43 20 30 30 47 23 37 
24 34 22 31 32 30 43 22 25 44 
38 22 41 26 48 41 28 47 44 37 
45 20 21 31 46 39 39 31 43 40 
26 30 42 46 42 36 34 36 45 35 
26 38 28 26 40 22 41 47 34 47 
43 43 25 33 39 45 24 50 34 48 
26 43 25 23 42 27 25 25 46 28 
21 21 47 30 29 23 29 37 47 30 
20 23 46 31 23 39 48 44 25 40 
29 37 30 31 25 22 32 48 38 26 
50 41 40 45 27 23 27 30 33 25 
25 23 32 47 29 44 25 44 27 49 
37 33 23 46 46 26 32 38 22 35 
45 29 47 48 38 24 27 22 40 30 
48 23 46 49 50 48 28 20 29 43 
37 32 39 29 33 26 39 46 33 26 
42 42 20 25 35 36 24 26 38 38 
24 37 30 40 32 30 31 36 31 22 
36 34 26 31 45 26 33 48 21 47 
36 48 43 35 30 23 50 23 21 34 
31 43 43 44 36 23 31 35 36 48 
36 37 24 43 36 34 46 27 33 21 
28 35 37 24 45 24 26 40 50 22 
37 34 33 30 28 39 23 40 48 25 
43 31 42 43 48 49 29 42 24 36 
26 48 38 30 50 30 45 42 48 29 
37 24 33 30 23 36 28 34 38 29 
24 43 25 27 21 22 26 37 26 35 
23 33 45 20 33 35 43 34 41 50 
27 43 49 25 22 36 34 39 38 50 
27 31 24 25 41 31 49 35 23 39 
23 42 33 33 24 43 34 31 39 41 
20 32 50 41 29 31 47 39 40 35 
37 41 42 31 44 47 34 29 41 31 
25 20 44 24 36 23 41 44 45 38 
45 46 49 21 45 39 44 25 28 31 
48 35 24 33 40 46 28 20 33 45 
21 47 32 20 25 47 38 30 22 43 
37 32 40 33 23 25 37 31 38 32 
22 31 27 25 30 47 34 46 30 23 
24 20 26 38 24 48 32 28 27 30 
37 47 37 24 29 25 27 31 43 27 
47 44 29 39 35 48 39 43 29 36 
49 22 46 47 34 26 25 31 23 36 
48 22 28 20 24 46 46 38 39 47 
30 21 49 34 33 25 44 34 36 22 
21 24 39 42 36 40 46 34 49 31 
33 27 23 30 35 27 37 36 26 32 
23 23 50 49 34 24 37 31 40 31 
25 23 28 21 48 41 28 30 26 27 
49 35 26 20 37 35 41 47 32 21 
46 31 32 27 21 20 45 50 20 38 
43 23 21 41 50 22 47 45 32 50 
21 22 43 43 24 47 20 24 21 24 
26 43 29 44 42 42 29 41 27 49 
37 34 20 38 35 42 35 29 33 48 
32 47 21 33 24 39 30 27 23 48 
29 25 27 44 49 29 25 31 45 36 
49 35 38 41 50 47 27 30 47 47 
46 28 48 49 32 46 40 23 49 31 
23 48 41 35 50 25 32 36 40 27 
24 43 48 46 23 46 45 25 35 47 
22 25 50 47 30 25 26 45 49 49 
41 44 43 43 41 45 29 48 36 48 
28 41 25 28 30 25 50 50 23 40 
33 48 49 29 28 30 43 49 21 47 
48 43 33 41 33 46 20 45 48 20 
44 38 21 44 45 29 50 44 42 24 
39 44 43 37 42 31 27 50 20 22 
34 44 30 36 29 20 28 40 28 31 
26 30 29 40 49 36 24 24 24 26 
42 39 31 26 39 22 50 35 34 38 
21 36 27 26 26 22 27 50 34 26 
22 38 44 47 45 30 31 26 47 41 
27 28 39 44 43 46 48 26 34 22 
47 48 30 47 50 21 37 33 49 37 
40 32 43 44 49 44 33 28 41 45 
39 26 50 29 28 43 35 36 25 33 
31 23 22 28 38 23 31 31 22 22 
49 33 31 24 21 27 28 26 25 23 
47 21 47 40 35 30 38 22 32 21 
39 46 23 26 37 42 31 48 25 36 
38 24 44 32 27 31 49 38 43 37 
32 49 26 32 20 49 35 50 46 38 
30 31 22 30 29 22 26 31 37 42 
41 23 34 31 25 38 22 46 49 40 
23 34 42 33 38 20 40 43 29 21 
45 26 50 45 46 44 28 45 42 38 
32 26 33 26 36 35 41 40 40 35 
25 25 39 36 46 21 30 38 21 38 
36 22 30 29 42 41 49 46 31 44 
23 34 30 31 36 27 21 46 41 43 
45 41 48 45 45 24 23 25 49 26 
50 26 36 35 32 23 43 45 44 47 
47 26 22 32 20 39 32 47 44 42 
37 34 34 29 38 42 45 37 46 27 
22 35 44 34 50 47 34 42 48 49 
42 26 23 29 33 38 44 49 38 40 
37 50 23 26 47 33 42 46 48 35 
34 48 26 38 28 27 40 41 34 29 
41 34 28 35 47 39 34 48 46 27 
32 45 23 38 43 44 42 40 40 25 
43 33 38 46 35 38 34 46 41 22 
21 36 26 21 26 39 48 47 22 42 
27 33 21 38 24 44 32 27 41 42 
45 33 47 22 37 29 34 34 22 46 
28 43 29 50 34 29 21 27 23 34 
34 24 47 39 37 44 27 31 27 46 
48 43 29 37 21 41 36 32 50 43 
34 31 42 24 30 23 32 30 23 29 
36 30 47 26 42 50 35 48 45 21 
49 25 25 38 37 50 26 44 28 46 
44 32 35 30 29 25 46 34 35 25 
30 41 45 24 48 28 40 41 39 30 
43 29 22 42 40 44 48 42 29 22 
25 27 30 49 31 31 46 35 20 20 
26 40 34 48 36 50 40 47 43 29 
45 30 38 27 26 22 41 33 36 27 
24 27 23 20 31 49 29 50 28 21 
35 35 33 47 41 48 21 43 39 49 
48 36 21 28 36 24 37 22 30 32 
20 44 48 40 25 45 21 27 41 21 
27 48 32 30 39 42 32 49 45 20 
35 26 49 40 39 21 40 37 27 29 
20 44 33 32 35 44 43 24 23 25 
24 21 24 20 44 48 21 31 43 41 
41 26 42 23 27 36 38 24 23 27 
43 21 47 26 42 21 21 46 48 23 
43 37 40 24 42 40 29 22 24 47 
29 40 50 39 20 42 46 23 41 44 
38 32 37 23 22 25 24 45 26 45 
30 40 30 41 26 23 38 50 26 38 
40 25 35 40 37 49 34 48 50 26 
50 35 37 31 47 45 39 31 27 41 
41 40 29 27 43 41 43 25 32 29 
46 21 38 37 27 47 37 49 38 43 
36 23 25 38 21 31 45 37 28 22 
25 47 31 22 21 20 36 46 26 48 
26 38 31 39 30 23 49 22 36 49 
41 37 31 42 46 27 29 24 36 46 
44 42 30 43 35 34 48 43 45 33 
20 24 43 43 37 25 32 49 28 48 
23 49 20 40 29 42 47 46 29 30 
23 32 44 20 31 39 48 22 20 20 
34 29 49 23 32 21 29 30 38 27 
38 20 31 50 35 29 27 26 30 35 
49 45 41 20 36 36 33 37 28 27 
32 36 42 45 33 39 46 28 39 44 
34 28 32 41 33 31 32 31 31 35 
35 27 48 32 43 46 43 27 22 50 
37 39 30 37 41 25 26 49 28 34 
41 38 48 28 34 29 22 46 43 46 
22 22 22 42 44 39 40 41 27 32 
43 44 31 48 39 41 45 32 27 45 
20 37 39 28 29 21 29 21 41 41 
44 43 27 39 50 21 41 49 41 35 
44 44 21 38 46 40 46 41 45 40 
31 45 37 35 38 34 47 22 36 44 
29 23 20 37 37 47 49 44 49 36 
35 23 41 33 32 40 24 21 25 28 
28 30 29 37 37 20 29 24 23 38 
46 40 26 43 22 21 50 42 21 25 
34 43 45 41 21 31 26 44 46 33 
23 20 38 46 45 24 34 48 26 29 
23 33 42 34 46 48 41 41 25 34 
31 27 40 30 36 29 36 49 42 26 
27 36 32 36 32 23 36 47 30 35 
32 22 43 30 22 24 26 46 35 33 
30 46 21 21 44 40 25 25 20 25 
33 38 41 23 49 20 31 26 35 29 
34 24 33 48 32 28 38 50 37 30 
49 37 48 20 37 24 27 49 21 36 
43 24 48 46 26 42 30 48 33 47 
43 28 23 35 36 21 39 47 26 41 
43 48 30 25 49 40 22 44 28 34 
45 20 43 30 36 28 46 24 24 28 
36 39 49 44 22 42 26 46 28 22 
50 35 35 49 25 44 38 38 42 33 
33 23 25 49 35 37 34 29 36 29 
39 33 40 26 20 34 44 45 48 34 
40 47 25 29 48 29 32 33 32 37 
25 27 39 41 35 35 24 34 47 36 
46 25 45 44 44 30 42 48 35 44 
28 48 32 36 25 44 26 25 50 45 
39 26 23 29 39 42 27 30 45 22 
39 40 33 44 47 29 26 47 21 22 
31 21 49 42 31 50 42 39 23 49 
45 42 37 28 27 21 24 36 37 50 
28 39 47 21 44 26 32 39 32 24 
33 34 41 31 32 39 38 49 43 30 
47 47 44 44 50 29 39 50 30 39 
20 45 24 38 41 43 32 29 36 29 
44 29 38 40 45 37 23 21 48 31 
47 36 24 33 40 39 29 49 43 25 
49 20 40 35 50 31 47 44 34 31 
45 46 21 21 36 37 47 48 32 34 
29 36 48 20 29 34 48 36 36 36 
46 21 36 25 50 26 42 20 45 42 
49 45 43 21 42 29 35 20 38 32 
24 46 29 50 31 31 30 34 31 47 
50 41 27 39 32 37 44 47 21 35 
44 22 24 47 24 23 41 42 35 46 
46 42 41 23 39 37 21 31 34 45 
25 36 31 45 49 35 48 21 25 43 
32 42 40 36 23 33 37 30 31 44 
38 44 23 48 30 29 45 20 33 48 
23 41 32 30 48 49 30 46 29 21 
41 22 35 29 44 38 46 29 46 23 
34 22 24 33 37 36 49 33 45 46 
50 31 34 31 30 49 33 32 36 39 
24 33 46 24 24 37 22 42 46 38 
23 29 42 50 38 42 37 31 32 40 
49 28 29 45 26 29 45 45 30 20 
45 43 46 45 38 42 38 45 27 22 
29 46 26 22 41 27 44 27 48 30 
40 50 21 24 30 44 46 31 49 28 
24 46 32 31 47 29 42 46 48 36 
38 21 32 30 35 29 39 46 23 35 
20 48 50 38 33 30 37 47 43 36 
41 32 48 42 28 50 27 21 42 39 
41 29 35 33 45 21 27 22 35 45 
45 31 22 28 46 30 35 20 31 32 
26 22 20 28 29 27 35 38 21 27 
45 34 45 48 31 47 45 36 24 22 
41 22 31 24 40 27 20 36 29 27 
24 41 24 34 29 44 22 38 34 27 
49 26 24 43 35 34 23 40 29 25 
20 48 38 28 42 37 42 48 41 49 
47 23 40 30 47 43 45 46 47 35 
21 26 46 49 29 23 20 32 38 26 
33 33 35 33 35 44 21 29 26 34 
33 23 24 31 29 26 23 43 27 39 
39 30 48 49 20 36 31 32 26 30 
39 20 38 20 26 28 49 21 41 20 
41 35 20 47 20 38 33 26 34 24 
31 30 40 30 30 43 20 37 26 23 
35 32 35 38 46 26 23 32 20 30 
34 38 44 33 39 29 37 25 29 50 
22 48 35 30 46 29 48 23 21 35 
32 27 29 41 20 46 22 38 40 30 
30 35 48 26 43 36 29 29 42 27 
45 30 37 44 37 27 22 37 32 29 
22 21 29 43 23 23 27 39 49 43 
35 32 32 21 47 44 48 32 29 31 
32 33 35 25 45 49 39 42 20 24 
40 39 35 30 34 26 33 45 22 42 
45 25 38 30 37 21 34 39 25 45 
49 40 39 43 32 20 33 22 44 38 
47 41 47 26 22 42 46 38 29 41 
37 21 24 35 29 31 35 28 34 29 
38 43 49 43 40 47 49 25 23 26 
42 25 43 27 33 33 41 21 24 33 
34 43 24 45 30 44 48 49 49 39 
27 27 45 30 30 50 43 39 49 29 
34 43 23 23 46 22 36 28 21 40 
26 37 46 28 30 34 50 40 33 28 
47 30 31 40 34 25 29 34 46 35 
42 27 20 47 39 26 39 49 40 25 
30 47 30 21 49 22 40 48 49 46 
42 50 34 32 27 46 36 27 50 23 
49 28 32 34 47 35 34 37 38 49 
46 38 28 50 22 44 24 41 37 50 
26 27 22 40 48 22 35 38 36 28 
41 30 36 48 41 20 20 47 32 49 
34 35 48 44 49 21 36 43 25 25 
42 47 20 46 28 50 29 42 39 45 
23 38 41 29 31 40 31 20 50 48 
25 25 44 23 23 32 35 32 42 33 
21 47 48 23 38 33 35 25 31 32 
46 45 21 25 31 20 36 36 43 27 
42 41 31 44 38 32 46 44 20 22 
34 46 50 34 27 37 43 47 31 30 
50 23 47 41 34 38 24 25 36 47 
27 41 20 40 49 44 26 24 23 31 
35 36 39 38 37 29 27 31 32 46 
46 27 27 31 50 50 24 31 40 31 
50 25 42 44 23 50 28 27 50 45 
49 45 34 30 40 46 20 49 20 31 
34 46 47 46 22 35 37 39 42 49 
22 27 39 37 48 34 39 44 23 28 
30 28 50 39 43 44 30 33 26 24 
28 41 23 50 40 46 32 44 35 34 
32 48 28 23 27 35 23 47 40 41 
47 49 45 40 36 25 24 44 20 44 
33 41 25 38 46 34 21 33 40 25 
26 34 25 23 46 42 40 22 38 44 
34 43 31 26 40 38 22 30 48 25 
29 42 36 45 30 27 30 31 49 45 
49 44 29 38 40 47 43 20 35 31 
38 20 36 47 23 34 30 36 39 24 
35 49 24 34 29 26 27 22 48 32 
43 36 30 43 29 49 34 28 47 30 
23 39 44 34 25 22 38 21 21 45 
49 28 43 21 41 42 50 33 23 21 
25 42 25 39 38 23 35 43 41 30 
38 32 42 42 40 34 30 29 47 31 
32 42 40 48 47 36 46 49 47 49 
50 34 37 31 42 42 31 34 34 50 
21 50 28 34 24 39 30 24 50 47 
21 45 41 28 36 42 26 45 20 32 
30 22 41 36 38 38 48 26 47 41 
43 38 38 48 28 47 41 48 21 31 
22 48 26 30 35 41 46 20 48 32 
38 28 32 26 42 49 43 35 50 38 
43 42 26 21 38 48 31 41 37 27 
35 32 44 45 45 24 32 44 44 47 
48 24 35 24 30 48 41 44 28 23 
45 25 47 30 31 22 49 47 27 50 
20 44 26 42 31 27 22 44 35 45 
24 50 22 29 34 21 24 37 48 34 
34 24 32 37 36 43 20 22 27 39 
23 33 21 20 34 49 35 43 24 40 
35 39 39 44 26 50 38 22 22 20 
29 32 30 40 38 42 44 34 31 42 
27 36 29 46 37 41 29 21 47 43 
50 34 26 34 47 29 44 50 30 22 
42 25 35 24 27 47 37 49 34 30 
45 49 37 29 44 25 39 31 36 31 
36 31 48 33 22 44 47 30 32 39 
40 27 40 29 46 50 33 26 39 36 
23 44 26 39 22 24 24 46 33 45 
20 35 35 24 30 27 25 37 50 22 
46 31 44 28 45 36 37 33 50 32 
46 46 43 35 28 40 42 29 33 41 
27 38 43 38 37 22 31 44 48 50 
37 45 32 38 31 43 42 42 36 38 
27 50 41 23 25 47 37 34 22 41 
43 22 40 40 28 43 22 40 22 32 
23 27 50 45 27 42 25 32 46 26 
38 42 44 28 48 45 26 38 30 45 
25 45 39 43 29 31 44 31 43 30 
21 45 46 30 40 22 44 28 39 32 
49 40 45 39 47 41 28 44 23 34 
28 48 43 41 44 44 39 43 40 22 
37 48 45 23 32 21 42 43 38 27 
47 26 50 47 23 48 38 29 44 31 
43 32 35 29 20 42 26 46 31 48 
41 40 50 40 43 49 33 37 27 39 
28 47 34 44 23 31 21 36 26 38 
45 33 25 50 32 41 46 43 45 46 
40 40 38 36 30 45 47 26 48 37 
43 27 22 34 34 22 21 24 31 45 
40 22 44 35 20 41 25 23 41 21 
40 43 45 24 45 36 25 33 35 36 
29 25 44 40 29 28 43 49 20 46 
50 38 43 39 38 45 49 49 32 50 
43 25 39 22 25 39 27 36 35 20 
25 42 41 37 30 24 37 22 26 26 
34 34 21 22 49 44 39 27 43 33 
27 32 35 23 23 49 45 35 37 28 
26 21 20 41 27 21 40 20 38 48 
24 37 48 50 47 38 35 27 32 49 
25 44 25 36 47 35 28 39 30 38 
31 46 30 47 37 31 39 25 50 42 
50 32 41 37 21 36 28 27 24 38 
22 50 25 39 46 50 48 24 37 32 
20 42 46 47 24 46 37 35 45 35 
33 46 25 48 20 35 38 41 45 43 
23 38 43 46 21 40 20 21 31 33 
35 43 27 33 39 24 47 37 42 29 
43 39 34 45 49 48 31 40 35 32 
24 25 21 43 31 32 48 32 48 39 
28 37 23 41 32 46 47 25 35 49 
46 37 37 46 46 43 29 33 48 24 
49 50 36 27 47 20 44 39 28 20 
34 29 40 45 26 22 26 23 42 36 
42 25 27 26 49 23 24 32 32 42 
40 48 29 37 35 28 29 27 49 28 
48 41 40 37 41 25 50 35 29 29 
26 31 27 27 47 33 29 40 23 46 
34 38 36 26 44 33 20 27 30 31 
32 30 28 46 31 42 47 48 34 31 
31 44 39 43 36 29 23 28 39 20 
37 32 42 48 29 36 31 28 49 39 
42 47 36 35 29 34 49 21 47 36 
43 38 24 39 37 24 32 44 30 42 
28 40 39 36 37 25 30 32 24 20 
49 30 37 32 44 24 22 40 32 37 
26 24 34 24 20 32 34 45 21 32 
34 28 45 33 41 43 33 29 44 44 
26 28 35 32 34 38 48 49 22 36 
38 29 21 29 32 24 37 31 48 42 
30 20 27 41 40 24 35 26 28 46 
50 50 32 24 36 46 34 22 27 34 
45 35 47 38 42 48 44 48 43 32 
21 42 35 35 46 50 21 32 35 47 
48 44 34 37 44 29 34 26 40 48 
28 25 43 31 24 47 20 25 25 26 
22 31 43 24 22 31 35 28 40 46 
38 38 28 45 20 27 46 20 46 21 
43 24 35 40 48 41 29 30 39 20 
46 21 20 20 36 30 46 28 24 41 
34 39 44 39 43 35 30 28 46 35 
21 28 43 31 43 27 46 23 32 48 
43 42 41 25 50 41 27 22 37 31 
37 50 48 42 21 47 36 39 43 35 
24 37 27 49 41 31 39 33 49 37 
45 33 20 49 50 36 34 28 26 25 
43 47 35 42 32 48 37 47 40 29 
24 43 22 48 33 50 32 20 20 21 
21 25 36 26 34 23 45 46 45 49 
22 43 34 28 40 22 34 38 49 33 
29 47 46 31 48 42 39 29 44 31 
26 47 33 44 27 39 25 24 45 28 
36 34 30 45 38 25 21 43 30 22 
38 50 21 33 32 43 48 48 36 31 
29 38 40 50 41 21 30 36 39 31 
34 33 48 43 30 46 31 37 48 36 
33 47 23 50 43 45 44 50 44 25 
20 25 49 40 48 42 39 25 25 48 
46 40 36 27 41 30 20 26 43 23 
29 42 42 27 50 50 44 42 36 35 
24 32 22 37 23 25 39 43 39 45 
35 49 25 43 45 32 48 34 35 46 
34 50 42 27 39 21 41 39 41 39 
47 50 28 31 45 25 34 27 38 31 
22 20 49 46 31 37 32 34 26 29 
30 39 42 45 46 27 50 39 42 41 
37 41 41 27 25 26 25 45 39 47 
22 35 25 42 30 48 27 32 38 40 
31 23 26 37 49 43 28 23 25 26 
42 47 23 48 22 37 25 44 44 37 
36 49 48 20 27 29 32 34 36 20 
36 40 41 41 41 25 28 39 29 27 
39 44 32 29 23 22 38 33 26 39 
29 39 33 49 33 44 47 46 42 45 
41 21 50 34 43 26 30 47 37 43 
44 25 42 38 41 31 39 26 25 42 
31 44 38 32 32 40 35 33 50 40 
43 22 28 44 34 33 50 24 28 31 
30 27 45 34 45 48 24 30 38 41 
36 49 27 44 34 36 50 48 28 25 
30 44 40 27 29 35 34 28 50 43 
20 38 43 23 50 27 32 35 41 27 
44 49 43 35 38 45 49 40 30 29 
34 32 40 45 22 23 31 43 29 34 
43 36 34 36 37 34 22 23 43 40 
25 22 31 32 48 34 32 20 41 26 
27 50 29 43 24 50 24 20 46 23 
21 45 28 47 35 41 39 46 20 29 
37 20 42 40 28 25 50 21 34 29 
38 36 39 50 22 21 25 35 44 33 
28 37 34 20 37 35 20 42 46 22 
44 38 22 37 39 24 31 43 23 36 
20 44 28 44 37 44 46 20 43 22 
44 47 25 34 39 48 42 47 20 48 
33 25 37 37 26 43 46 43 21 34 
29 44 41 46 30 49 46 26 45 40 
35 50 25 29 22 39 41 35 49 37 
42 49 50 25 30 39 50 21 47 41 
35 50 41 20 22 44 32 30 26 47 
49 30 22 30 39 46 40 49 49 29 
31 31 21 38 33 34 20 49 50 26 
44 29 27 25 43 21 35 31 29 35 
40 44 46 46 25 41 45 24 44 20 
29 31 39 43 35 44 23 34 50 50 
33 29 26 27 32 31 41 48 24 42 
47 39 47 50 34 43 42 43 34 42 
34 23 37 49 42 21 38 38 49 45 
48 33 24 33 23 40 41 50 31 41 
32 32 48 28 46 25 39 27 28 44 
42 32 26 48 47 48 49 45 22 44 
36 36 42 27 43 22 45 46 49 38 
23 27 40 27 37 31 22 27 36 23 
48 36 25 38 40 42 33 43 41 26 
49 28 33 26 42 33 21 44 32 28 
26 21 43 41 37 47 28 47 43 24 
42 47 49 25 42 22 28 27 23 46 
29 45 29 31 27 25 35 28 36 23 
36 36 28 44 37 29 30 42 44 43 
24 42 30 32 34 20 31 42 27 22 
26 36 45 20 21 25 46 28 44 46 
33 44 49 49 23 27 40 44 29 23 
45 36 49 50 37 48 38 23 37 35 
30 23 30 48 32 23 23 38 26 50 
38 34 25 29 32 41 23 46 23 50 
35 20 24 37 36 44 30 36 35 25 
38 39 27 28 32 23 34 32 36 26 
24 47 36 20 42 34 46 33 20 38 
21 36 33 32 34 27 38 21 21 21 
28 35 50 20 44 24 37 37 20 37 
28 26 39 32 32 20 26 43 48 45 
25 41 23 36 44 45 39 25 24 50 
35 29 39 26 26 48 46 43 42 42 
38 41 28 22 44 39 31 50 34 43 
35 48 33 20 26 49 34 32 38 41 
22 23 49 23 32 23 29 37 29 36 
42 38 36 50 48 31 24 28 46 46 
42 30 26 32 46 43 33 26 50 21 
37 43 22 21 37 26 41 42 31 43 
39 44 36 37 46 28 33 28 49 28 
50 22 36 25 46 44 22 50 29 21 
39 40 20 37 41 27 46 33 29 30 
45 33 45 43 35 45 41 20 20 43 
31 38 36 43 32 48 42 47 38 45 
48 28 30 41 44 30 37 28 25 37 
46 33 48 43 35 31 27 27 44 29 
37 49 30 28 25 33 32 27 28 42 
46 30 35 39 22 42 44 48 26 46 
41 41 34 25 39 41 41 46 38 50 
30 46 42 30 24 22 23 22 46 47 
47 23 39 45 21 28 42 20 42 47 
47 35 38 42 20 44 50 29 27 23 
47 35 43 37 24 41 37 42 32 49 
31 45 46 44 35 44 29 22 41 37 
38 41 23 30 38 24 29 38 23 45 
20 25 41 42 44 26 22 47 25 37 
33 27 39 35 31 33 38 32 24 39 
22 50 27 48 41 23 45 30 37 37 
26 40 24 23 40 32 21 33 45 25 
40 25 41 26 29 31 41 22 31 43 
20 42 27 33 31 35 30 48 29 31 
39 37 39 38 50 44 48 39 23 24 
43 36 31 26 41 35 21 38 27 30 
41 35 49 23 24 22 24 22 32 33 
47 45 26 40 37 50 45 49 20 49 
37 33 33 22 28 48 25 32 49 47 
27 47 47 32 30 30 37 39 48 37 
28 38 23 20 25 24 27 25 25 31 
23 28 21 26 44 25 33 25 35 43 
48 31 46 27 50 25 36 45 35 25 
34 26 41 32 38 30 40 34 40 50 
41 48 46 40 44 42 34 35 28 31 
46 43 34 42 34 25 47 37 29 41 
32 37 27 49 36 38 43 45 45 24 
36 27 20 34 31 21 29 22 22 38 
21 27 36 36 30 47 49 20 24 28 
38 50 36 27 33 50 20 43 31 22 
47 46 30 46 41 38 47 34 45 45 
36 39 28 47 43 24 41 36 40 43 
32 38 27 25 21 36 24 23 48 31 
28 35 23 41 50 37 36 27 43 24 
27 50 33 38 43 38 33 42 46 25 
40 21 49 26 45 41 34 47 46 31 
21 35 45 31 35 28 20 44 29 46 
32 33 28 22 33 49 45 23 32 20 
22 25 39 29 41 26 21 39 39 29 
20 41 34 41 28 44 24 45 34 20 
46 33 48 49 38 45 49 47 31 25 
34 31 50 38 45 23 36 36 33 29 
32 43 23 23 27 27 25 27 27 46 
42 48 46 45 33 45 22 44 34 45 
36 27 44 49 26 48 28 23 29 44 
41 37 30 43 31 25 34 37 36 32 
25 28 21 36 34 34 38 47 35 41 
25 38 49 38 26 49 34 50 36 50 
20 46 32 48 35 41 31 23 44 45 
47 46 31 48 44 29 42 43 39 45 
49 36 36 37 44 23 30 42 22 22 
29 24 49 28 23 35 25 38 33 31 
48 27 20 40 39 27 47 20 33 28 
31 48 31 37 35 32 42 32 30 42 
50 43 23 30 42 23 39 40 36 41 
33 21 25 29 28 31 33 35 49 47 
34 32 33 26 26 50 35 50 37 49 
27 29 41 50 28 26 35 24 32 37 
22 37 43 42 33 24 45 25 29 36 
49 35 43 31 20 28 24 41 42 28 
45 40 29 28 44 27 21 26 36 34 
36 45 27 30 26 48 30 41 27 47 
28 49 34 26 37 32 34 35 22 42 
46 25 46 22 29 36 36 31 39 42 
22 46 30 32 24 26 27 32 26 47 
34 28 24 31 40 43 20 45 29 44 
37 42 26 33 47 44 25 39 38 35 
24 49 39 48 44 50 23 45 28 22 
34 27 37 30 23 32 42 40 24 22 
22 39 43 46 25 32 30 35 27 50 
45 25 23 24 38 30 26 30 21 42 
43 21 45 28 36 36 30 37 37 28 
23 44 25 30 22 25 48 33 41 46 
29 45 28 23 27 23 24 25 25 40 
24 21 20 31 25 29 20 25 27 30 
21 49 40 22 24 41 25 38 25 45 
37 22 42 20 20 36 24 27 45 27 
48 37 27 45 35 47 39 30 24 30 
36 43 20 42 29 46 46 38 27 49 
39 28 36 41 20 48 24 45 36 26 
29 26 36 44 22 48 44 44 39 22 
41 27 43 29 36 34 27 32 24 20 
48 39 44 47 30 26 20 28 24 32 
25 21 38 49 47 25 47 34 50 47 
44 34 29 32 49 34 49 44 49 40 
23 28 46 26 34 49 42 42 37 48 
27 25 45 35 46 50 34 34 35 45 
26 27 22 37 46 43 50 20 41 27 
23 40 31 36 24 44 36 40 33 31 
31 38 20 46 48 26 47 37 28 31 
25 34 32 45 45 41 35 32 24 45 
44 23 40 47 28 43 48 20 35 27 
42 31 39 20 31 23 41 41 27 21 
31 23 34 21 36 26 46 39 23 38 
28 43 25 44 31 49 40 44 29 26 
22 40 20 20 40 41 40 45 21 41 
35 35 50 29 45 38 41 27 46 22 
36 41 36 45 39 37 30 32 33 49 
39 35 44 40 41 46 32 49 25 38 
42 29 31 39 38 22 35 25 38 48 
28 38 42 29 25 21 38 49 40 50 
37 32 31 26 28 22 49 30 38 29 
50 24 44 25 38 35 37 33 34 31 
47 31 22 29 46 43 38 29 20 33 
29 25 22 28 33 27 30 50 38 33 
34 44 45 48 41 27 47 22 44 21 
44 41 36 45 20 22 38 46 47 38 
39 50 39 40 26 31 39 28 31 31 
40 33 43 32 27 32 25 35 48 27 
26 24 27 25 42 27 21 39 48 25 
29 42 50 36 34 21 43 34 41 35 
35 22 40 45 30 42 22 49 43 20 
32 43 47 43 26 44 35 30 32 36 
32 38 46 43 37 48 43 20 31 46 
31 40 26 38 25 22 30 42 31 28 
50 39 50 26 24 46 49 22 26 27 
30 23 24 25 27 37 37 38 47 35 
23 27 20 37 46 47 37 37 29 32 
37 41 44 44 48 26 28 37 34 39 
29 38 29 47 46 39 24 44 33 34 
44 21 23 36 30 40 40 25 20 27 
41 33 21 48 22 21 39 50 40 32 
22 50 49 32 33 49 50 42 40 49 
44 44 25 34 25 29 45 39 42 44 
25 28 21 41 49 35 23 41 33 43 
38 47 40 29 23 50 29 41 43 39 
24 38 34 47 30 30 42 41 43 39 
42 48 43 21 48 38 38 34 20 24 
21 49 33 26 48 22 32 22 49 32 
27 42 47 20 21 46 25 30 49 50 
24 26 20 39 31 26 33 39 43 46 
43 46 27 44 30 39 41 35 39 44 
46 46 39 39 26 31 45 35 38 25 
34 44 38 42 22 48 33 43 20 45 
21 28 25 41 49 33 33 45 47 47 
25 22 25 21 48 50 34 37 33 20 
43 48 41 21 35 27 37 50 43 42 
21 32 49 28 42 46 24 39 34 25 
34 30 48 48 26 30 44 38 46 25 
21 38 25 41 33 21 20 48 46 42 
45 32 24 47 25 50 50 34 24 30 
22 48 48 39 24 45 39 46 28 31 
35 46 46 24 50 50 30 23 24 20 
48 34 36 42 34 23 23 32 46 41 
46 32 34 23 28 22 34 25 32 29 
26 33 27 22 34 40 24 22 49 42 
31 27 26 25 39 29 48 48 28 26 
31 38 23 39 45 34 41 47 49 39 
32 46 24 42 46 20 48 39 21 49 
29 39 34 47 38 41 28 45 35 39 
45 32 26 23 48 43 32 41 21 22 
31 21 24 21 48 26 49 37 50 26 
34 43 30 27 41 30 33 29 50 27 
36 38 30 40 48 33 49 43 37 46 
33 45 46 26 24 48 36 47 30 28 
28 49 37 25 26 29 44 47 37 24 
46 34 28 24 24 46 36 26 39 35 
20 47 48 41 49 41 28 33 40 38 
21 34 43 35 30 28 20 41 44 34 
26 38 25 30 47 42 36 39 20 34 
50 27 29 35 21 38 38 28 27 49 
25 32 23 28 20 23 39 22 43 47 
49 22 47 37 38 50 23 29 36 40 
33 33 23 43 33 25 43 34 50 35 
50 50 45 39 24 50 47 31 49 22 
31 26 27 36 48 47 38 22 34 50 
40 37 44 37 48 36 48 34 26 21 
38 23 44 24 21 29 46 42 31 45 
38 46 27 38 25 48 49 20 36 34 
22 30 32 21 25 21 22 40 49 40 
46 24 24 44 32 20 35 33 23 48 
50 48 39 21 40 38 43 20 33 23 
46 21 40 27 24 50 26 34 49 45 
22 29 39 36 22 36 32 43 22 40 
37 32 47 29 26 36 31 38 49 50 
36 35 46 20 34 46 38 40 34 33 
46 36 31 45 28 29 25 28 32 35 
36 30 24 25 28 46 43 27 23 33 
35 26 27 43 42 42 35 20 40 42 
37 49 26 45 47 50 45 37 48 24 
40 27 26 41 29 45 25 33 20 27 
22 31 38 39 47 26 29 47 47 45 
25 20 49 25 26 26 42 29 23 44 
27 21 50 20 43 42 24 22 35 37 
29 48 32 32 33 44 24 38 25 36 
21 21 49 23 41 38 31 26 45 35 
48 49 38 33 20 49 35 37 45 42 
44 33 28 33 30 41 36 46 23 20 
44 30 23 37 50 48 34 26 23 28 
41 38 30 20 30 42 30 28 50 28 
40 27 26 50 47 35 20 28 39 29 
44 32 31 45 24 48 21 33 43 31 
27 37 47 48 27 41 33 47 27 30 
34 25 26 37 47 47 29 29 29 20 
34 21 39 20 22 42 44 41 27 49 
26 20 37 24 20 26 29 27 30 41 
20 40 30 40 26 30 26 37 39 20 
39 23 34 39 33 41 50 34 30 48 
49 21 27 25 21 46 30 36 48 22 
44 28 46 39 35 29 34 42 25 38 
36 38 22 35 37 27 39 39 41 44 
28 48 27 26 34 26 20 24 24 40 
48 28 24 27 20 39 24 21 33 45 
31 42 22 48 38 28 20 34 25 38 
35 30 28 50 42 25 29 46 35 39 
38 25 29 38 22 21 36 32 33 29 
29 42 28 32 27 34 28 46 44 37 
47 32 25 45 47 38 32 20 25 23 
50 47 22 34 50 41 23 26 42 22 
28 29 30 36 49 42 38 48 31 37 
30 20 45 23 44 43 32 25 39 40 
45 41 36 21 30 47 25 21 45 21 
49 20 36 41 32 37 35 39 48 33 
30 40 31 48 42 30 45 50 34 40 
28 42 28 26 32 47 27 50 40 25 
25 21 27 35 36 32 32 22 20 46 
50 41 20 36 46 40 46 22 37 43 
37 40 45 34 48 46 41 45 38 49 
35 47 26 31 34 41 21 43 42 24 
25 22 41 39 20 35 47 44 36 40 
27 37 43 37 23 29 41 50 47 45 
41 45 25 25 38 46 23 40 50 27 
41 41 25 38 34 41 33 47 43 28 
48 47 20 23 50 34 40 44 23 21 
31 45 25 46 26 46 44 41 26 32 
49 24 40 50 23 37 50 20 38 47 
22 23 27 20 25 37 28 47 29 21 
49 48 24 34 36 24 36 42 42 38 
22 41 43 27 40 30 42 27 44 43 
25 21 42 42 20 20 22 28 49 44 
32 42 27 40 27 32 34 34 20 47 
38 36 42 42 37 27 29 46 33 39 
29 49 44 28 35 42 41 23 42 36 
21 25 23 22 27 23 26 23 40 35 
47 36 38 37 38 22 33 21 25 21 
28 46 49 32 32 44 34 49 30 22 
32 40 26 25 32 37 25 44 34 39 
44 24 47 31 25 45 28 44 33 39 
28 35 34 35 32 40 44 31 21 47 
28 20 44 23 43 48 20 24 24 42 
28 34 46 36 35 20 29 27 23 26 
27 33 32 33 49 32 30 37 42 38 
44 31 22 35 47 21 27 20 22 29 
28 45 30 28 36 33 46 44 25 48 
29 33 21 37 47 22 28 40 28 30 
46 24 41 41 41 49 22 50 49 48 
29 41 20 23 30 44 30 21 42 41 
47 29 20 46 27 20 29 45 39 49 
24 26 27 42 48 43 48 50 48 34 
35 45 23 46 47 32 25 36 28 23 
24 50 35 41 45 35 24 38 25 27 
27 33 31 30 21 33 24 49 35 20 
41 47 42 48 39 34 42 27 23 46 
25 38 44 30 40 46 43 47 28 47 
43 26 46 45 48 47 40 30 22 39 
25 26 45 22 29 37 25 41 45 49 
39 40 22 25 31 45 30 31 41 26 
39 48 39 21 30 49 50 21 20 38 
28 29 48 30 39 42 50 34 32 34 
24 29 45 29 43 40 37 39 31 22 
29 38 21 47 21 32 30 41 47 29 
32 46 21 23 43 34 20 40 29 42 
24 48 40 42 41 21 22 21 39 50 
26 24 36 41 25 23 39 38 38 39 
47 36 37 21 29 40 26 49 48 30 
30 40 44 41 27 27 36 43 23 27 
40 27 44 31 25 30 48 20 25 33 
43 29 45 50 35 22 24 50 30 26 
32 35 40 45 33 41 50 35 45 28 
50 20 43 25 34 26 27 48 38 25 
22 33 47 36 29 39 45 43 34 46 
38 36 47 47 30 26 45 20 48 32 
39 30 27 25 28 36 29 25 40 25 
38 48 37 47 20 42 33 41 21 31 
38 37 46 22 34 40 39 25 27 39 
20 24 23 39 45 42 44 39 36 44 
31 27 49 32 25 50 36 24 21 21 
47 47 46 21 40 44 24 43 20 44 
21 39 24 36 43 34 38 23 25 32 
25 32 48 25 47 38 45 29 29 47 
37 20 49 43 43 30 50 45 32 37 
41 46 50 32 37 23 25 33 46 50 
32 38 37 46 49 41 26 50 22 35 
47 26 41 25 20 42 48 26 40 25 
23 45 32 25 37 31 22 29 22 24 
28 28 39 29 49 45 38 47 24 26 
45 25 44 30 30 50 44 23 28 30 
50 37 39 22 49 33 20 34 22 44 
36 27 44 21 20 43 30 20 49 24 
32 43 43 27 35 47 36 50 37 35 
30 20 22 30 20 48 37 23 46 20 
45 36 24 27 36 50 30 39 39 33 
32 25 29 49 38 21 42 50 38 29 
45 40 43 30 27 45 49 21 37 45 
26 46 32 32 21 25 33 22 21 21 
22 44 44 43 40 45 31 45 47 28 
44 46 45 28 44 43 50 35 37 21 
34 35 46 45 25 38 32 38 35 22 
39 37 43 24 34 36 28 26 25 50 
45 42 38 50 23 31 39 23 24 30 
23 47 42 30 27 22 22 42 43 50 
50 22 28 35 49 41 21 30 40 39 
20 34 27 38 29 38 48 20 29 47 
40 29 22 47 34 31 33 32 32 46 
27 50 42 24 23 21 33 41 40 48 
48 38 49 36 22 26 38 27 48 24 
26 45 20 50 22 45 33 42 48 38 
45 41 32 22 39 21 31 38 36 29 
38 34 28 42 45 41 23 43 36 50 
36 39 31 28 50 49 40 29 44 35 
44 32 36 31 48 20 20 20 27 24 
27 46 24 21 32 49 47 50 45 48 
21 45 40 44 38 29 40 34 40 39 
31 38 40 49 43 46 32 25 46 48 
30 29 50 33 50 39 50 31 34 35 
30 33 30 29 46 22 35 34 36 26 
35 42 30 44 28 23 48 32 28 36 
27 36 27 47 47 20 47 40 28 20 
34 23 42 38 26 49 35 50 23 28 
29 30 32 30 50 45 37 47 41 36 
22 48 48 33 24 29 27 49 43 37 
41 32 28 22 43 25 41 36 29 42 
35 32 29 50 43 34 30 45 23 50 
27 41 27 31 23 23 48 22 49 42 
41 42 29 38 22 20 43 48 27 47 
20 22 45 37 42 26 25 27 33 29 
38 26 32 29 32 25 32 26 26 20 
22 21 34 48 28 36 45 37 24 25 
26 29 50 50 31 36 45 25 43 31 
48 29 28 32 43 48 32 24 30 42 
44 45 44 37 27 50 30 22 37 47 
42 36 23 21 45 49 25 29 30 29 
50 23 49 46 22 43 29 48 32 26 
30 44 45 45 46 34 25 23 31 42 
28 25 38 22 29 20 50 40 28 37 
25 28 30 28 40 44 25 48 42 28 
27 41 28 27 32 20 21 27 39 43 
20 26 35 38 33 25 30 34 32 44 
21 46 34 48 24 26 22 30 50 35 
30 36 36 22 43 43 26 50 37 48 
47 38 26 44 35 21 24 43 27 39 
21 28 42 38 43 30 31 20 25 39 
49 21 26 28 37 42 20 47 42 43 
43 34 39 25 37 49 49 33 26 23 
35 27 46 25 34 34 25 25 23 46 
20 42 45 38 27 29 26 37 33 41 
45 34 28 35 35 22 45 46 28 25 
26 36 35 27 40 46 37 46 47 27 
26 32 45 29 35 21 47 29 49 28 
26 23 20 28 20 23 32 23 34 34 
21 31 20 47 42 49 39 39 32 50 
22 30 42 36 26 29 42 39 25 33 
20 28 21 37 22 27 30 48 29 31 
30 42 47 39 34 50 26 24 26 50 
39 41 42 40 25 33 23 49 24 41 
36 28 20 37 28 30 40 28 20 28 
21 42 40 48 43 37 46 37 25 41 
22 46 46 34 37 46 26 45 37 28 
40 30 37 36 32 40 50 32 48 31 
31 28 42 37 50 32 35 36 38 36 
39 41 23 24 42 21 37 26 44 31 
31 47 34 26 30 30 23 50 40 44 
50 24 47 42 22 29 43 42 32 32 
43 25 34 44 27 23 36 43 22 40 
39 48 21 50 28 33 34 49 36 43 
23 30 23 48 25 26 20 21 23 30 
32 47 26 31 45 25 35 38 26 35 
46 49 23 21 44 39 23 47 34 21 
34 30 47 22 43 42 20 26 33 39 
43 27 21 29 24 20 50 27 28 32 
26 31 36 32 23 33 32 31 29 24 
48 36 36 23 48 38 37 46 47 26 
38 40 29 44 39 31 34 45 37 42 
25 31 21 20 28 42 27 49 39 40 
29 27 32 20 35 48 40 20 29 42 
29 48 43 43 39 32 48 50 27 44 
35 41 32 43 28 27 22 20 38 35 
20 47 26 47 39 50 33 48 46 30 
22 43 42 41 36 21 35 30 47 27 
25 25 35 43 32 29 41 40 31 35 
33 20 31 20 38 44 31 36 33 48 
29 25 48 29 45 33 39 21 44 29 
46 48 21 24 21 26 22 48 22 25 
46 37 38 33 26 48 22 33 44 39 
30 28 40 31 34 34 43 45 38 46 
35 34 25 45 33 49 44 35 27 21 
26 49 22 36 33 29 25 21 48 21 
34 43 40 29 45 50 43 45 34 26 
21 40 27 23 46 50 49 39 37 28 
50 44 20 31 39 41 34 27 22 33 
34 45 29 45 48 26 25 35 42 42 
23 48 20 32 30 38 38 42 22 45 
44 26 20 26 49 30 30 46 46 48 
38 23 35 46 49 36 48 20 24 22 
42 40 22 33 23 43 31 37 34 24 
23 50 50 44 43 46 30 24 43 37 
32 34 46 20 40 46 25 39 47 25 
30 32 25 39 23 21 43 37 36 48 
26 23 43 50 27 37 33 31 25 27 
47 36 48 26 42 29 32 34 35 20 
47 24 21 31 22 35 46 29 43 49 
34 47 20 32 46 26 38 38 41 25 
49 41 31 31 28 41 29 33 35 22 
27 33 46 29 36 32 28 21 40 28 
21 40 31 28 24 26 22 45 42 26 
29 34 42 28 20 31 44 32 47 45 
46 42 21 46 30 45 38 39 34 49 
36 39 45 34 32 30 20 49 39 44 
34 38 26 47 39 43 33 25 48 48 
34 44 39 22 22 43 29 23 28 40 
36 40 42 28 23 43 25 38 21 44 
44 47 44 43 29 33 41 41 32 26 
43 37 34 29 35 32 36 47 33 41 
20 27 32 49 48 37 45 45 22 37 
24 33 50 47 27 31 32 38 50 43 
31 45 34 26 22 34 34 40 50 22 
43 36 40 49 20 50 45 48 42 24 
50 46 35 23 37 37 21 49 22 46 
49 27 45 30 21 35 43 23 29 47 
20 23 34 37 21 33 37 25 50 40 
49 39 50 32 36 50 34 40 45 25 
38 38 46 38 47 33 29 33 44 37 
24 38 33 32 37 48 27 25 42 24 
28 41 40 44 50 33 45 37 41 23 
49 28 44 39 23 33 22 25 26 26 
30 24 27 41 25 36 20 20 28 47 
46 37 45 49 33 48 27 30 24 25 
20 20 47 43 42 35 40 29 44 48 
40 42 29 31 26 21 30 36 32 48 
22 42 43 49 33 35 38 38 25 38 
36 32 22 47 49 50 33 50 29 23 
42 28 43 47 38 31 48 23 21 29 
41 47 40 31 48 25 22 34 41 23 
37 46 41 23 32 33 34 50 48 40 
38 37 24 21 46 25 25 27 43 36 
24 31 33 35 30 32 46 47 41 37 
42 35 40 21 24 40 23 28 48 35 
25 32 36 26 43 34 41 26 33 46 
21 26 28 28 32 29 43 49 44 20 
26 46 31 43 48 33 47 44 48 33 
26 25 39 20 23 34 42 47 45 20 
20 32 47 37 22 21 27 28 20 35 
50 20 33 25 33 36 47 50 26 32 
50 31 33 40 32 31 46 44 45 40 
23 24 45 29 35 35 47 25 30 21 
45 43 41 24 40 50 44 36 26 32 
23 46 40 30 35 31 22 23 50 26 
41 22 23 46 44 44 38 43 40 42 
36 20 40 29 42 27 46 25 50 21 
22 37 20 35 27 40 24 28 24 36 
21 45 28 25 22 45 32 40 42 35 
23 39 38 28 47 34 38 29 33 50 
45 32 48 38 26 46 33 41 21 33 
25 46 26 42 24 26 22 20 36 28 
23 24 43 31 21 46 32 31 21 35 
46 21 34 47 26 46 28 32 32 32 
28 49 22 46 32 39 31 24 25 45 
29 25 29 39 37 35 49 43 28 30 
48 49 23 23 40 40 46 37 41 46 
21 44 26 34 41 20 41 29 45 38 
45 35 49 45 43 31 24 30 37 36 
20 20 27 48 47 26 45 37 24 31 
33 28 32 24 43 38 30 43 30 46 
27 30 47 22 21 25 39 38 44 47 
38 48 41 32 34 42 49 50 38 33 
40 28 38 28 22 50 39 25 24 46 
22 37 43 28 20 25 40 39 28 33 
24 44 26 24 26 40 27 32 31 28 
37 41 38 35 36 48 29 24 41 22 
36 42 49 50 36 37 20 33 22 37 
30 47 26 23 29 23 40 37 28 21 
33 25 46 42 31 47 24 48 46 33 
28 37 22 50 34 45 39 39 30 27 
30 27 32 30 25 44 34 26 32 24 
36 33 49 43 35 38 40 25 24 30 
41 32 29 45 46 36 29 41 44 31 
24 45 47 41 40 44 26 32 20 34 
39 22 41 22 37 45 45 40 25 25 
44 25 25 21 26 23 30 36 26 48 
26 37 50 23 27 41 34 50 40 43 
21 26 45 38 25 29 35 41 21 29 
27 48 28 28 20 43 23 30 25 26 
25 45 36 22 43 39 43 28 46 36 
38 43 50 31 40 49 45 21 42 39 
38 34 41 24 30 50 21 33 21 33 
33 28 26 37 48 35 30 39 36 36 
31 28 37 30 24 20 32 40 27 38 
20 40 39 32 48 39 33 34 49 34 
44 37 42 45 21 40 28 48 22 32 
28 39 45 44 34 26 20 48 21 34 
21 20 20 46 48 37 22 48 26 39 
43 35 28 50 43 24 20 45 50 47 
22 47 50 25 44 27 34 32 48 34 
38 49 44 26 28 50 32 33 32 42 
40 50 28 32 28 40 47 36 34 47 
22 32 35 49 47 36 26 28 28 44 
43 38 50 27 20 39 31 27 30 35 
22 44 47 31 35 21 46 35 30 50 
48 30 27 21 35 32 46 36 28 22 
24 30 34 27 48 45 29 50 21 34 
47 27 20 31 37 39 41 34 28 37 
34 49 37 29 36 21 26 31 39 27 
21 25 26 27 24 44 20 26 44 38 
46 35 46 39 27 40 35 42 29 33 
32 40 20 49 25 31 39 34 26 25 
24 33 41 35 38 28 22 28 47 21 
23 42 28 27 48 24 46 44 23 32 
47 25 46 32 22 28 50 32 40 39 
37 46 23 38 48 50 45 43 31 29 
20 26 48 20 35 43 33 30 46 31 
46 49 25 20 47 43 28 20 41 43 
45 32 25 36 46 31 49 38 29 42 
41 31 49 24 44 40 47 41 48 48 
31 34 34 26 26 30 43 26 28 30 
27 37 50 38 37 27 30 33 47 32 
21 46 38 24 28 30 48 27 42 37 
48 48 34 34 30 44 36 37 39 26 
47 37 30 36 25 31 47 38 23 26 
21 43 45 46 37 27 50 23 27 42 
43 29 24 26 24 27 22 28 29 23 
46 26 43 32 34 20 48 20 35 25 
41 33 40 34 24 38 26 48 41 23 
42 21 32 31 20 41 27 49 29 31 
32 44 24 31 35 40 28 49 37 50 
22 21 27 38 38 34 26 49 34 41 
48 32 29 33 21 29 26 36 29 49 
38 33 47 49 35 32 34 45 28 31 
35 21 28 43 33 22 25 29 36 45 
40 46 47 29 40 50 48 28 35 38 
26 44 41 27 30 28 36 41 41 39 
33 29 46 22 42 20 25 25 44 45 
24 41 46 44 21 23 25 35 39 37 
20 36 39 26 23 20 45 28 35 25 
38 37 22 23 50 22 20 35 36 47 
33 32 21 34 37 36 28 25 39 40 
30 41 24 29 29 28 27 43 20 41 
40 32 33 30 21 42 21 50 48 36 
22 48 21 47 47 33 41 27 37 49 
28 45 38 38 36 24 37 30 27 41 
25 48 35 47 45 42 47 32 48 37 
43 41 23 31 26 25 26 26 34 20 
42 32 25 26 43 45 45 38 36 46 
33 36 43 25 42 40 50 24 46 34 
25 47 43 40 29 29 46 26 25 38 
46 39 33 28 38 45 20 36 35 23 
24 47 22 32 24 26 31 21 35 32 
47 38 32 39 23 47 34 41 25 44 
38 22 22 45 27 42 46 25 37 47 
21 46 37 24 43 24 25 49 26 32 
47 34 33 22 39 49 50 38 30 36 
21 42 48 21 42 41 41 30 34 47 
42 37 42 25 26 24 37 22 46 25 
44 27 40 42 36 29 21 50 48 22 
22 28 30 37 30 21 38 34 30 48 
20 20 48 44 27 37 23 42 20 38 
38 45 28 31 30 34 33 33 36 25 
29 22 30 36 34 24 24 26 26 35 
37 20 39 31 25 32 28 37 31 21 
33 48 26 41 21 30 20 36 50 20 
25 26 34 34 50 41 50 36 43 33 
28 26 27 39 42 47 44 31 32 22 
20 35 38 31 34 43 38 48 35 38 
41 41 24 29 21 38 32 46 24 35 
24 45 29 46 27 20 20 45 37 40 
40 47 34 38 22 27 31 40 44 25 
26 48 47 33 49 46 43 49 33 24 
42 36 27 31 21 28 40 47 20 36 
34 22 24 43 38 44 38 43 48 30 
21 36 21 28 33 28 40 43 50 24 
24 29 35 33 30 39 50 47 39 45 
39 23 45 47 22 47 27 31 30 41 
25 27 36 21 48 25 38 37 48 47 
24 39 35 34 30 35 42 45 24 43 
44 23 32 22 38 32 48 46 31 45 
