47 23 28 48 36 43 48 39 38 41 
24 34 34 22 40 46 20 44 32 33 
50 43 36 29 43 33 47 29 30 27 
25 23 21 41 45 20 32 48 24 47 
35 42 48 37 35 22 20 31 32 38 
31 36 46 21 37 24 29 27 30 22 
42 49 20 29 50 47 30 44 34 30 
25 22 21 36 24 36 26 27 35 50 
45 35 46 29 48 36 38 23 46 31 
41 20 39 45 45 48 44 49 20 32 
42 34 24 50 34 45 44 31 37 28 
21 40 36 26 22 25 48 26 38 42 
31 27 37 49 21 24 30 38 41 20 
24 34 38 29 27 37 27 33 43 21 
39 40 20 44 25 35 50 44 37 30 
47 32 49 39 33 40 43 38 36 39 
26 41 47 35 30 46 40 35 44 50 
28 35 23 37 21 24 49 34 39 37 
49 30 50 30 41 30 24 39 49 20 
25 25 35 42 44 40 21 26 47 35 
20 30 27 44 36 28 35 23 25 24 
33 28 34 20 47 21 47 20 41 43 
48 46 21 39 41 40 29 34 37 33 
47 41 45 24 28 43 40 48 41 33 
33 27 42 41 36 36 40 32 40 32 
38 28 37 33 47 22 26 33 30 38 
43 37 41 27 27 30 35 28 40 28 
41 32 47 41 41 27 42 23 39 28 
46 33 47 47 29 48 47 32 49 38 
25 21 35 23 48 42 42 32 34 43 
33 35 38 31 20 37 25 25 24 37 
28 45 44 25 27 35 43 20 41 43 
47 46 33 34 43 39 29 40 27 43 
45 23 45 44 23 28 49 38 27 48 
27 33 24 48 20 27 43 42 30 48 
26 32 20 21 33 27 28 40 47 32 
26 37 31 28 42 41 35 26 32 39 
38 26 25 29 47 34 47 26 48 50 
50 28 28 50 34 50 49 35 31 44 
37 45 25 48 34 44 27 31 50 39 
23 46 35 42 48 40 38 46 23 24 
29 21 36 29 27 37 29 37 29 33 
38 31 34 37 25 45 36 23 31 44 
23 49 26 48 47 23 46 28 34 34 
24 29 48 33 32 24 47 24 28 38 
42 45 35 36 40 29 44 37 36 22 
27 42 41 28 36 37 42 23 48 20 
21 37 41 27 45 37 21 44 26 32 
20 23 25 48 44 36 38 31 33 49 
41 40 43 23 32 49 27 42 42 27 
38 47 37 43 25 29 37 21 23 48 
49 31 30 40 20 34 42 40 32 21 
50 33 24 46 42 44 25 36 31 29 
21 23 41 22 49 31 23 29 26 47 
29 37 28 44 42 24 42 22 44 21 
34 27 21 41 44 41 30 34 42 28 
29 23 27 34 41 33 28 49 38 41 
24 29 31 38 30 50 20 34 38 40 
28 24 38 50 22 20 20 31 41 43 
31 46 20 40 50 22 47 20 38 42 
26 27 49 29 23 41 21 46 41 23 
48 21 42 24 39 36 48 46 23 49 
42 26 45 22 35 43 38 23 37 49 
27 20 31 28 27 31 37 22 27 38 
37 27 46 29 31 28 44 45 47 45 
20 22 29 35 39 36 33 41 40 25 
39 42 34 33 44 21 24 33 46 26 
48 44 47 33 47 50 44 48 40 49 
29 50 25 43 38 22 31 41 27 21 
30 50 33 40 46 21 41 30 28 33 
42 45 43 30 28 46 50 36 25 38 
32 37 38 47 44 47 45 32 26 30 
32 31 49 47 24 34 31 32 35 33 
50 42 42 29 49 33 39 42 35 20 
33 31 36 23 41 22 33 30 31 20 
35 26 44 25 21 43 35 48 50 48 
45 25 40 20 37 40 36 24 34 43 
31 31 50 36 45 40 49 33 20 49 
44 43 38 29 47 49 40 47 25 42 
30 30 30 25 31 20 20 30 30 33 
30 21 40 40 22 23 50 42 49 24 
50 47 44 39 31 26 47 37 44 30 
44 44 36 21 36 22 21 39 31 30 
34 33 43 21 26 33 24 37 41 42 
24 45 45 36 50 38 31 29 32 44 
32 32 35 42 38 50 30 27 21 29 
24 48 33 44 29 33 23 39 44 49 
46 45 20 21 49 21 35 47 33 36 
27 39 29 28 46 35 25 27 29 36 
22 43 41 44 39 34 24 24 33 48 
33 22 40 20 34 41 20 40 23 45 
36 30 49 39 45 44 28 29 26 37 
30 50 40 39 36 36 31 29 29 47 
47 21 47 41 40 40 20 30 25 28 
25 33 35 36 43 29 22 24 28 26 
36 42 37 21 46 23 48 45 47 22 
36 49 45 21 45 48 30 30 22 28 
36 43 33 40 34 49 43 36 50 37 
27 44 22 42 29 32 35 41 41 40 
40 35 27 47 39 42 48 22 38 48 
27 39 36 28 40 44 45 22 38 36 
25 39 47 20 43 30 25 33 50 41 
20 33 39 45 46 46 50 24 44 41 
46 40 48 38 26 32 27 43 50 29 
28 27 37 42 48 47 49 40 39 28 
31 26 41 35 46 20 46 41 48 39 
26 27 43 47 42 28 28 41 44 20 
40 22 35 39 46 22 43 40 34 24 
48 31 24 36 43 37 21 24 36 34 
49 30 26 20 46 43 28 37 49 47 
35 26 31 46 46 38 30 39 31 23 
38 31 34 20 44 38 41 49 28 26 
50 27 32 48 35 43 21 38 36 25 
23 25 45 31 27 32 37 42 33 27 
35 26 46 23 46 30 37 47 49 26 
46 37 46 20 45 27 41 32 26 47 
46 24 37 25 35 44 41 50 25 22 
30 38 25 36 33 36 21 36 49 46 
45 33 47 47 20 47 29 22 26 42 
26 50 26 45 40 22 40 44 33 42 
48 48 49 42 43 37 48 44 23 45 
25 38 21 24 21 30 21 25 43 22 
21 22 23 39 48 35 45 40 25 24 
30 50 50 41 48 22 39 48 25 25 
42 27 38 34 31 49 33 42 35 22 
25 28 41 44 22 24 23 30 43 34 
35 20 41 28 37 42 35 22 44 30 
38 37 33 33 50 27 26 34 22 37 
38 48 27 37 35 40 31 24 39 31 
49 44 50 28 46 21 45 28 48 40 
28 37 27 41 46 27 42 22 21 27 
32 39 20 50 26 27 28 37 50 36 
44 47 27 23 38 37 43 42 36 23 
21 41 31 42 36 35 30 33 35 34 
31 31 50 28 29 25 40 41 39 41 
49 26 37 50 46 35 33 48 49 34 
24 37 49 45 36 48 23 25 33 47 
31 23 41 34 24 20 30 41 21 48 
36 26 26 49 49 41 49 21 44 28 
48 30 44 29 33 50 31 49 31 36 
37 22 32 27 43 40 20 46 45 47 
21 33 27 33 38 36 31 31 35 44 
40 32 36 38 38 46 38 37 30 20 
42 39 23 44 40 38 32 31 27 22 
31 40 44 20 22 47 20 44 49 40 
27 31 41 29 42 30 24 50 37 29 
45 23 46 27 50 45 20 21 24 43 
43 28 40 38 28 47 45 29 49 41 
42 25 33 30 39 21 35 24 45 49 
38 44 30 28 44 25 33 44 48 40 
34 32 34 48 22 45 34 28 41 35 
40 35 49 37 28 39 45 28 43 44 
49 27 48 41 29 20 23 28 45 34 
38 42 44 23 49 36 23 48 38 21 
35 26 44 50 29 45 22 35 30 36 
21 21 49 38 28 38 30 26 23 33 
25 22 38 48 49 40 30 48 36 32 
33 43 32 48 44 20 23 35 40 42 
26 33 25 30 21 34 25 37 42 33 
44 22 30 22 39 35 47 42 32 49 
25 32 45 25 45 36 45 27 43 29 
20 46 41 21 39 41 50 27 22 31 
44 26 33 45 35 31 40 43 43 27 
35 33 40 38 33 20 25 34 50 38 
50 22 45 50 33 45 33 22 24 48 
25 31 49 41 32 36 23 29 31 39 
40 48 34 31 44 43 21 24 43 49 
29 26 24 42 46 23 42 35 41 23 
36 23 40 29 42 32 48 26 40 41 
47 43 38 41 36 30 25 23 27 34 
40 47 38 38 31 45 41 46 39 44 
23 43 35 46 48 41 32 46 23 38 
49 39 41 43 49 46 42 37 20 35 
24 50 44 45 26 24 49 34 27 36 
32 39 25 33 44 41 44 24 48 20 
35 25 21 21 40 40 47 33 39 42 
40 50 45 34 46 20 20 23 46 32 
44 40 45 49 26 30 48 21 44 37 
31 49 25 38 29 44 50 42 20 31 
50 26 34 41 42 47 23 34 50 32 
40 36 27 44 30 21 45 23 31 42 
44 30 31 20 26 24 25 43 36 25 
41 29 50 50 28 43 29 29 48 48 
27 27 32 44 42 24 45 23 48 41 
35 48 23 50 44 38 48 25 45 21 
33 30 39 44 43 37 31 22 32 25 
43 49 44 27 22 41 38 45 20 32 
46 21 31 45 31 41 27 22 31 23 
40 43 45 43 20 45 35 45 46 44 
27 43 23 47 48 44 46 45 34 37 
20 44 29 44 46 20 28 40 35 23 
45 49 24 26 38 44 21 49 24 37 
35 24 22 26 48 49 35 41 31 37 
48 49 37 50 45 24 39 36 46 20 
48 40 40 23 26 37 20 44 38 29 
22 24 45 24 35 46 27 32 47 30 
35 35 33 38 21 47 25 43 26 28 
41 43 20 24 35 36 41 45 22 22 
48 33 27 21 50 42 40 38 43 21 
46 42 30 44 33 25 40 25 26 45 
40 34 34 31 37 30 46 27 33 21 
40 27 48 47 28 37 43 21 42 47 
33 50 34 29 21 21 22 33 37 33 
20 27 23 20 40 23 28 21 30 20 
28 25 50 32 25 31 24 35 41 33 
35 42 32 25 48 43 23 31 23 23 
35 25 30 44 47 35 44 44 42 37 
39 26 48 48 30 26 39 32 50 27 
46 44 24 42 49 25 29 23 26 34 
20 39 22 44 49 34 46 49 41 36 
48 48 26 20 29 39 35 47 21 25 
33 28 48 49 38 23 39 46 21 25 
25 46 26 31 44 25 23 33 50 36 
48 48 45 35 20 49 46 29 42 31 
22 27 36 44 32 29 35 28 48 44 
21 43 21 33 49 29 49 21 38 30 
31 32 24 50 38 25 35 37 44 23 
48 25 37 29 45 42 37 31 49 37 
28 22 40 43 32 38 43 29 29 36 
30 41 48 50 25 40 36 22 22 48 
33 37 29 40 41 48 23 50 21 29 
29 24 24 26 29 43 28 39 24 32 
36 50 22 33 37 48 22 33 45 32 
24 23 27 38 40 20 24 39 49 41 
39 38 22 43 44 48 50 25 41 26 
48 25 50 32 40 45 42 25 30 30 
31 44 31 24 30 29 29 39 35 28 
42 42 33 30 33 44 25 25 30 28 
22 40 30 30 29 44 21 32 41 46 
46 32 42 40 38 29 20 46 29 49 
29 34 25 30 34 46 38 50 35 45 
38 46 20 37 35 24 47 47 23 22 
38 37 29 35 47 37 50 35 22 46 
24 23 38 39 43 20 22 22 28 33 
29 31 40 35 30 34 34 44 36 27 
42 30 45 37 34 36 32 22 22 35 
45 32 24 30 36 47 27 42 30 36 
49 37 22 37 42 26 44 43 45 41 
48 29 32 32 46 50 25 44 20 40 
36 26 37 42 21 50 40 22 48 30 
42 50 36 39 47 49 38 40 48 29 
50 31 39 39 42 41 28 23 28 50 
49 32 29 34 36 36 45 31 37 30 
38 24 41 39 32 22 33 47 40 33 
26 32 27 31 31 43 27 50 20 21 
26 32 25 25 40 21 38 28 46 43 
32 43 31 20 44 42 38 36 45 41 
20 31 41 24 29 48 48 26 50 23 
46 38 20 41 28 44 36 43 36 26 
38 31 21 22 37 24 43 21 34 21 
22 21 32 23 22 49 43 50 44 43 
42 38 29 46 47 20 36 26 33 40 
43 27 45 35 22 22 24 33 47 47 
34 36 34 36 47 26 23 40 33 37 
29 30 35 34 37 22 38 37 47 49 
39 35 42 35 28 43 39 30 21 32 
33 38 43 25 34 36 43 22 34 37 
28 20 26 26 23 22 37 24 21 21 
29 21 22 45 33 38 45 37 30 24 
47 40 40 26 24 28 29 30 39 41 
39 26 39 32 48 39 21 48 46 39 
48 24 25 40 22 24 34 27 41 31 
20 32 30 44 49 47 39 20 47 48 
39 48 41 44 33 38 47 32 36 27 
49 30 39 39 43 32 28 50 33 47 
44 29 32 49 48 30 40 34 22 28 
45 37 35 21 25 48 34 42 37 32 
45 34 34 43 43 28 30 30 32 38 
23 50 44 26 49 23 47 22 20 41 
22 28 33 30 25 37 42 33 50 24 
26 20 30 37 35 45 29 35 46 47 
28 30 40 37 37 46 32 35 23 20 
22 34 39 35 47 41 20 26 48 36 
46 38 44 41 22 36 29 23 23 50 
44 39 20 49 39 33 48 48 37 23 
48 47 50 27 35 46 43 23 29 43 
40 33 22 22 33 32 32 37 40 37 
44 47 47 42 30 23 26 34 24 27 
27 29 33 32 50 38 21 45 32 33 
22 32 21 45 44 28 21 31 28 48 
25 35 37 23 40 27 29 31 47 46 
43 26 39 20 43 21 40 42 27 28 
48 34 25 50 50 24 29 30 46 22 
20 29 47 35 37 48 28 42 24 41 
50 48 38 23 45 24 38 20 36 26 
45 41 50 28 49 47 44 28 42 44 
27 22 33 31 22 41 30 23 40 33 
42 23 22 24 28 44 41 35 35 50 
41 25 21 49 43 21 31 30 20 37 
38 44 40 25 28 21 41 47 43 24 
38 41 50 24 37 24 49 42 32 40 
50 36 39 21 22 43 32 34 27 38 
43 50 45 23 23 42 28 24 36 39 
45 22 26 50 26 20 20 32 31 28 
47 43 48 36 41 24 45 26 39 47 
32 45 45 50 48 40 21 42 50 33 
47 23 23 21 46 26 27 33 25 24 
36 20 44 25 49 39 39 42 22 31 
48 32 44 50 33 47 27 43 30 34 
21 40 47 21 24 48 40 46 32 31 
21 27 25 25 49 43 49 37 50 45 
32 34 30 37 33 38 34 42 31 25 
20 48 24 24 36 50 44 47 27 26 
39 33 48 20 43 47 32 49 41 34 
35 44 29 26 45 32 28 35 23 33 
31 43 43 24 43 31 26 34 42 44 
20 41 25 49 27 45 38 48 31 20 
40 24 30 36 46 33 48 25 45 36 
21 50 44 44 50 32 45 21 32 20 
27 47 37 33 38 30 42 34 31 43 
50 37 27 22 50 33 50 42 31 41 
50 35 33 27 22 36 42 41 20 36 
44 40 45 26 38 31 26 49 20 37 
45 22 38 50 29 33 33 26 26 36 
29 32 39 48 24 21 43 20 44 25 
33 24 40 46 26 21 36 25 25 47 
32 36 24 21 27 20 25 31 47 24 
28 44 29 35 24 38 41 32 43 49 
31 35 41 46 22 37 23 35 48 26 
46 44 24 46 22 38 47 31 50 43 
41 26 33 20 36 46 36 27 48 21 
46 33 26 35 39 39 25 43 44 46 
35 22 48 27 46 44 29 47 24 23 
49 49 41 41 50 35 33 30 32 42 
32 27 45 25 47 29 33 34 41 39 
35 29 36 47 36 45 41 35 34 35 
22 24 49 46 21 26 40 22 26 36 
28 23 28 39 20 50 26 34 23 40 
40 36 42 41 23 32 38 39 22 39 
42 43 40 20 28 46 24 31 47 31 
31 26 28 26 43 42 34 45 47 39 
40 31 35 30 34 46 44 44 43 35 
37 32 32 21 46 31 45 42 21 32 
37 41 47 42 22 27 31 39 36 26 
34 44 44 36 22 47 38 24 32 33 
29 47 30 49 43 23 40 22 30 49 
26 38 26 25 48 44 32 29 34 35 
50 36 38 29 46 23 26 26 21 48 
33 36 45 30 40 21 43 44 29 43 
24 50 24 32 32 27 35 48 38 31 
43 41 42 43 37 40 46 43 24 35 
38 25 42 20 26 27 45 20 21 50 
22 23 39 24 21 41 50 50 50 25 
50 32 44 49 24 31 46 40 25 49 
43 21 36 35 45 20 23 45 49 30 
35 27 37 43 49 38 33 46 34 49 
28 50 39 25 21 45 47 22 36 35 
24 38 42 34 49 46 39 42 23 45 
23 25 23 37 29 26 34 26 37 33 
30 33 36 36 36 27 46 30 37 36 
44 32 28 23 33 34 27 42 27 42 
39 34 36 30 26 44 32 47 28 37 
29 42 31 33 42 43 21 32 20 36 
37 31 42 43 26 27 40 48 34 33 
26 35 37 24 39 33 26 28 34 26 
34 45 45 42 24 33 28 44 47 46 
25 28 25 25 38 26 40 21 24 39 
27 25 33 41 39 24 44 47 34 47 
29 28 37 38 43 49 36 45 48 49 
47 36 30 48 29 49 30 40 24 49 
25 46 29 39 40 43 26 22 45 34 
35 31 47 45 46 47 29 45 36 27 
31 33 33 39 20 38 50 43 47 22 
21 50 45 37 24 30 35 42 50 31 
24 26 34 27 20 45 50 46 48 23 
32 49 39 48 43 32 39 45 46 20 
25 31 28 20 27 47 26 43 49 26 
21 43 40 21 41 37 24 21 27 26 
25 47 28 37 20 46 28 42 35 50 
49 29 28 40 27 20 23 24 44 34 
26 40 26 30 45 25 47 26 43 40 
45 49 37 27 46 35 35 21 46 31 
47 46 21 23 34 35 41 21 27 26 
26 30 23 42 42 43 37 25 49 24 
24 28 24 22 49 35 27 41 42 24 
46 39 42 27 23 23 33 33 31 31 
32 22 46 27 34 20 48 48 40 35 
22 49 49 38 27 34 20 43 40 31 
38 30 38 25 42 30 42 27 46 26 
26 25 47 46 24 44 40 34 46 47 
28 50 29 28 48 35 41 32 32 29 
36 31 32 40 20 39 50 35 39 21 
23 48 37 44 25 44 42 43 24 32 
45 30 36 45 24 27 33 23 39 26 
46 22 40 22 30 20 38 41 28 47 
48 33 20 27 42 24 32 21 36 34 
23 25 20 22 21 43 41 50 33 45 
33 24 33 48 33 21 38 40 43 27 
41 39 39 44 32 45 41 49 45 45 
23 31 39 47 31 47 29 41 32 34 
29 50 41 42 31 38 47 24 27 41 
20 40 35 31 25 42 45 43 21 24 
41 49 28 47 47 20 37 34 50 29 
33 26 47 20 34 21 46 23 27 49 
28 36 21 40 45 42 39 34 44 47 
26 30 31 34 26 43 41 36 38 47 
26 32 47 48 26 25 40 48 26 39 
31 38 27 26 44 30 28 35 25 27 
45 22 41 45 47 40 21 22 42 39 
27 20 23 36 42 43 31 32 41 36 
38 44 25 37 40 44 42 46 28 45 
24 35 43 35 46 40 49 45 45 24 
23 22 30 20 32 21 35 34 41 49 
26 27 38 26 46 31 30 21 35 50 
33 47 38 49 47 28 47 33 41 44 
33 40 30 49 33 29 23 34 20 36 
22 33 26 26 23 37 43 44 50 34 
42 26 34 48 44 47 34 43 24 39 
48 50 29 39 28 39 37 32 25 45 
36 22 27 25 24 29 36 28 31 30 
36 36 33 33 21 44 25 26 22 33 
24 23 36 34 36 28 39 37 40 23 
48 42 35 21 43 21 46 35 26 41 
28 47 38 26 24 32 48 40 29 25 
26 20 26 33 30 27 48 20 41 33 
39 46 21 46 48 32 24 47 47 41 
28 44 27 47 42 21 44 48 42 27 
27 26 41 27 21 29 25 27 43 21 
36 31 26 21 23 49 50 33 25 26 
30 26 37 32 44 48 47 39 30 22 
48 40 35 30 42 20 21 29 42 49 
38 31 46 43 35 32 32 20 29 20 
40 49 26 38 22 24 31 43 30 26 
33 41 48 40 48 22 27 43 41 31 
42 33 48 44 22 32 44 39 50 39 
22 41 30 31 24 26 28 37 46 47 
38 40 35 22 24 27 28 41 22 48 
30 37 42 28 48 34 38 26 20 36 
40 35 30 45 33 46 50 38 47 50 
39 34 28 26 47 50 36 37 22 25 
40 47 25 35 47 31 45 47 28 32 
25 36 30 37 46 34 47 23 22 32 
33 38 47 20 33 22 34 44 43 31 
39 50 27 25 48 30 23 47 25 45 
38 24 35 40 29 29 32 49 42 48 
42 20 42 22 26 38 41 31 26 24 
49 22 41 20 21 30 33 20 50 48 
46 26 37 33 47 33 46 47 37 29 
31 47 39 41 46 32 48 22 24 37 
26 46 48 40 40 47 43 36 40 21 
46 42 31 26 27 43 30 34 35 32 
41 43 50 42 47 30 25 41 24 25 
40 35 34 23 20 43 22 43 20 30 
36 25 36 28 29 27 20 45 47 25 
49 37 45 26 30 42 35 32 30 36 
33 22 41 23 42 20 33 44 36 36 
38 36 41 26 47 49 30 43 30 20 
25 20 50 38 34 26 31 26 21 30 
23 41 25 28 33 46 50 28 48 43 
44 27 39 44 49 37 22 27 38 35 
35 25 21 21 42 23 20 21 29 30 
41 42 50 41 49 30 41 40 31 41 
43 48 20 35 23 38 28 40 47 41 
32 37 36 21 21 49 29 32 21 42 
45 24 43 46 25 22 26 42 33 43 
22 50 47 32 21 43 33 46 45 24 
37 50 47 23 35 28 20 48 35 41 
35 34 49 32 36 35 31 47 46 37 
34 20 36 47 32 30 24 26 32 37 
42 36 25 46 36 40 40 46 24 50 
25 44 38 49 37 28 27 47 33 48 
33 37 40 48 37 26 40 33 49 20 
34 26 34 29 45 48 41 37 44 28 
41 38 44 30 35 45 28 49 42 42 
49 30 34 48 23 29 29 22 34 49 
39 40 44 26 23 27 26 32 35 42 
21 50 40 25 38 40 28 49 28 31 
31 42 28 25 47 27 32 43 40 34 
31 30 37 34 37 41 46 22 25 29 
34 25 50 38 33 33 48 37 28 41 
29 31 42 49 49 45 48 42 35 31 
37 40 47 44 27 34 47 24 33 28 
44 21 26 39 23 38 43 41 26 29 
49 23 40 32 35 29 29 26 37 26 
35 36 41 27 25 28 38 38 34 47 
41 45 41 37 34 49 31 38 42 39 
39 47 22 21 38 42 31 42 47 40 
46 38 24 22 41 45 35 46 29 28 
46 25 28 48 27 44 22 48 37 23 
36 20 29 40 42 36 29 23 47 49 
25 33 25 45 38 23 35 30 39 35 
39 39 45 34 37 44 24 48 39 38 
47 37 31 22 25 24 35 31 40 50 
37 26 43 21 28 20 31 46 44 42 
21 46 40 26 34 46 43 25 25 29 
42 31 41 44 41 46 50 49 49 31 
42 28 37 46 23 23 27 34 47 37 
48 47 22 49 36 40 42 24 32 20 
29 45 23 27 33 21 23 39 46 44 
31 22 26 22 30 21 24 40 39 40 
24 33 48 22 46 45 24 33 33 38 
41 47 47 45 45 48 46 46 21 37 
33 31 27 30 50 50 31 21 28 50 
42 28 40 44 45 28 40 22 49 42 
43 20 46 50 49 45 34 30 32 44 
33 43 33 38 21 39 49 46 44 49 
44 40 39 24 40 31 33 49 31 30 
46 48 28 20 20 50 24 25 23 39 
35 41 20 22 43 48 44 46 42 45 
33 20 28 43 24 23 40 49 43 39 
26 47 34 49 37 48 31 31 38 34 
32 47 31 32 26 48 50 29 33 49 
26 48 24 42 37 46 23 32 32 39 
25 27 28 31 44 31 22 30 45 46 
50 22 36 44 31 21 32 40 36 20 
34 25 47 32 42 31 46 45 30 41 
37 25 34 43 37 28 28 39 49 31 
40 41 33 26 23 43 20 38 48 45 
35 42 22 37 41 29 33 31 46 46 
30 21 48 22 22 30 22 24 38 27 
36 49 28 45 21 33 35 38 28 21 
24 27 31 34 41 28 28 42 25 28 
50 39 22 48 28 32 32 27 23 43 
38 25 24 38 30 30 23 32 46 33 
22 26 48 32 50 30 42 41 21 44 
26 26 45 34 45 29 43 23 24 29 
40 39 38 24 46 28 50 32 37 49 
37 33 24 23 36 33 24 43 48 36 
20 20 50 20 42 39 32 48 27 46 
29 43 40 45 38 22 21 34 50 21 
48 22 32 31 28 26 21 27 32 27 
33 30 40 36 33 34 27 39 31 50 
44 41 42 30 44 35 32 34 49 39 
20 44 29 41 47 25 50 44 48 30 
29 32 47 33 29 38 35 41 38 23 
40 28 25 37 22 47 26 25 35 35 
47 49 23 29 25 29 45 32 41 41 
33 48 29 23 47 36 28 33 28 26 
31 31 35 43 47 41 21 47 24 36 
44 44 41 46 39 38 48 50 49 43 
47 34 36 36 21 34 44 32 20 26 
21 27 38 32 42 47 45 33 31 49 
47 27 27 20 37 26 44 28 28 47 
47 44 27 50 22 20 42 49 49 42 
50 29 46 20 40 40 28 26 47 29 
36 47 20 38 36 44 28 32 20 50 
38 31 32 48 45 22 21 28 29 22 
50 25 47 29 25 39 27 49 35 30 
21 42 48 31 38 30 41 50 43 21 
45 27 31 30 29 37 37 45 47 33 
46 43 46 46 21 29 27 32 45 42 
30 40 25 50 33 38 22 41 28 32 
30 34 43 42 26 45 43 27 45 41 
48 32 22 25 49 25 44 29 48 39 
37 28 21 38 26 33 50 22 49 47 
38 32 25 41 33 43 24 47 42 37 
20 49 29 20 50 28 20 39 33 43 
20 48 33 26 43 29 29 28 27 39 
47 41 34 32 35 36 26 44 29 28 
28 41 21 45 20 25 43 42 48 35 
42 46 46 49 48 39 32 23 37 21 
36 38 35 22 20 36 43 48 32 36 
40 44 44 42 22 36 42 43 23 31 
49 26 27 23 29 38 32 29 31 34 
38 50 31 25 27 42 25 36 20 29 
40 46 23 28 43 43 23 28 25 29 
37 47 47 36 38 25 20 49 31 20 
21 32 30 22 31 30 39 20 42 50 
50 24 35 39 29 39 28 23 28 25 
44 20 30 38 45 30 45 28 43 25 
44 29 40 50 29 22 31 23 25 37 
37 48 49 35 26 40 48 40 29 21 
40 20 49 49 43 35 32 43 44 45 
40 38 49 34 38 45 47 44 28 35 
31 37 32 47 45 33 34 28 43 21 
47 38 43 50 41 44 27 47 47 22 
22 46 40 27 37 32 46 24 43 20 
47 36 20 50 38 47 32 25 33 49 
33 33 22 45 41 30 46 39 33 39 
40 22 22 32 33 49 48 42 38 36 
28 20 35 35 21 41 43 42 43 31 
35 36 49 22 28 39 36 49 20 41 
24 26 26 36 50 31 32 26 33 23 
27 32 48 37 23 49 35 27 24 24 
21 40 36 31 20 24 21 21 34 28 
33 41 21 38 26 23 24 50 27 39 
23 28 46 43 26 34 33 43 21 20 
22 37 40 31 23 28 22 45 39 50 
21 20 42 48 29 23 37 50 47 37 
36 36 36 34 39 37 22 26 42 26 
27 22 33 48 41 29 40 44 45 25 
24 22 23 37 47 46 28 37 46 26 
42 23 34 50 20 38 42 23 42 39 
48 40 31 25 44 36 42 48 40 45 
24 46 29 23 36 50 23 32 30 23 
44 49 47 37 20 22 22 35 32 33 
35 38 26 29 26 26 27 27 48 41 
27 31 27 21 36 20 44 33 21 43 
30 50 49 46 23 23 31 46 34 50 
32 45 47 40 48 28 37 29 27 22 
27 25 40 36 25 33 22 43 43 24 
44 41 41 49 40 29 50 27 39 37 
46 30 26 40 39 32 30 35 36 41 
45 22 45 38 48 42 40 24 39 39 
40 38 26 37 37 30 49 22 49 35 
32 21 42 50 28 21 25 31 31 34 
37 48 28 25 37 23 47 39 49 44 
23 36 39 33 30 44 40 24 43 20 
31 40 32 21 40 28 25 25 44 43 
44 28 22 30 23 35 30 24 25 22 
46 29 30 26 42 31 47 46 47 43 
39 26 44 33 47 36 41 28 27 49 
41 44 40 38 46 42 25 48 46 36 
41 29 26 37 20 38 39 38 49 20 
26 45 31 42 28 31 21 22 49 39 
31 36 33 20 30 29 46 46 33 24 
31 36 25 49 30 22 39 22 27 43 
27 45 24 41 42 36 30 39 48 44 
49 44 24 22 42 28 32 25 42 35 
27 45 46 20 40 25 36 24 38 21 
22 20 49 29 46 25 22 35 30 26 
32 45 21 42 48 43 34 21 47 48 
21 35 42 45 31 23 47 42 50 34 
21 49 50 49 45 43 22 49 45 37 
32 47 20 31 35 38 48 34 41 22 
29 43 20 47 35 37 26 44 47 40 
49 25 38 26 35 21 47 37 29 46 
34 50 32 37 33 48 36 39 32 24 
23 33 39 33 46 47 34 49 34 43 
49 50 47 25 42 26 40 39 50 48 
45 30 45 20 36 22 46 31 44 23 
27 46 32 44 43 35 36 47 39 40 
31 30 43 44 49 23 21 44 35 41 
32 20 26 28 43 28 34 48 31 33 
27 20 50 40 49 35 40 21 36 30 
28 48 20 47 33 21 43 38 36 33 
40 23 48 26 25 23 25 30 38 25 
33 30 28 38 40 21 32 28 47 42 
49 35 37 32 26 38 42 38 27 35 
40 49 33 33 28 41 26 40 40 45 
37 27 31 22 29 47 38 48 33 32 
37 29 22 33 30 26 23 45 25 40 
25 47 42 35 49 42 20 24 20 46 
44 42 24 31 20 37 25 35 35 25 
44 47 48 24 28 36 30 27 27 50 
32 25 50 33 49 22 45 45 32 41 
20 39 35 20 39 44 20 24 37 32 
50 33 31 40 25 22 30 38 38 29 
47 48 23 50 44 45 40 42 50 33 
40 50 33 29 37 43 31 25 47 43 
24 26 21 49 39 39 24 42 36 34 
26 22 37 25 48 35 23 46 43 35 
36 50 48 49 35 44 25 33 48 41 
36 21 29 35 29 37 45 25 45 21 
38 20 50 40 34 46 31 27 28 42 
39 34 35 30 42 37 24 49 46 35 
25 30 36 36 43 40 43 42 44 35 
21 25 46 24 40 21 49 28 34 43 
49 34 43 44 27 41 21 45 33 30 
41 23 27 42 25 22 45 30 35 29 
25 35 24 22 46 30 45 35 45 34 
24 40 30 35 26 27 31 20 40 47 
36 42 22 23 36 28 37 31 36 45 
31 26 32 22 40 35 37 29 33 37 
24 22 35 42 22 49 49 33 24 25 
27 43 30 35 36 37 49 33 33 38 
30 34 49 37 35 49 45 24 38 23 
33 33 23 23 24 50 38 37 28 27 
26 47 49 43 48 24 46 20 30 27 
32 47 35 44 48 50 21 39 25 23 
27 39 21 26 40 40 31 31 39 29 
29 26 47 40 34 30 48 44 26 26 
20 26 32 22 48 42 47 45 29 31 
30 50 31 42 37 34 23 38 43 37 
50 26 22 32 35 32 47 30 45 38 
27 34 35 50 33 36 26 22 34 23 
32 21 21 43 30 34 46 30 44 35 
46 24 26 31 36 20 28 33 26 45 
30 23 32 45 34 47 47 25 41 35 
32 20 30 44 42 45 21 37 29 37 
46 30 47 44 33 30 32 50 30 20 
24 27 27 45 42 39 47 43 31 50 
38 46 44 25 39 30 30 20 37 38 
39 25 26 37 22 50 22 23 28 42 
50 43 48 28 49 29 46 48 42 36 
26 42 31 41 35 33 44 28 32 20 
49 29 41 43 43 23 26 37 48 44 
49 44 25 44 26 44 22 38 29 41 
50 25 44 44 41 35 34 26 31 30 
42 29 38 25 39 26 42 44 47 34 
40 20 46 20 27 47 39 44 25 49 
21 47 42 46 42 34 27 36 37 31 
21 22 40 42 36 22 38 31 23 34 
33 44 41 29 37 38 31 43 36 42 
43 50 41 38 30 39 33 41 24 22 
27 47 35 46 32 27 35 24 36 28 
39 40 24 27 36 43 37 43 21 21 
46 29 25 22 20 46 20 22 22 24 
40 36 46 25 24 24 21 36 39 30 
45 30 27 48 36 34 37 26 50 49 
45 20 28 30 44 35 35 26 29 33 
24 33 41 41 28 20 38 41 41 50 
44 31 28 44 23 35 41 22 37 27 
34 35 24 48 46 39 33 44 20 47 
28 37 35 27 38 25 49 47 43 32 
49 45 35 28 22 41 26 24 33 35 
30 36 38 39 41 39 20 36 44 35 
40 22 24 25 30 35 47 32 38 30 
27 47 30 44 45 43 41 45 20 47 
49 26 33 31 40 27 32 41 44 25 
35 24 46 35 23 32 20 33 41 35 
24 24 38 26 37 33 28 35 37 37 
48 31 35 24 36 39 45 46 27 31 
20 32 46 33 24 43 31 36 22 29 
35 20 27 26 46 44 31 25 28 43 
25 36 39 37 30 43 21 29 28 39 
37 46 41 29 47 27 27 22 42 20 
21 29 28 49 44 37 31 50 37 40 
38 31 32 46 34 35 41 50 40 26 
41 47 35 43 36 31 20 38 36 25 
44 41 42 48 39 26 32 22 22 33 
43 40 34 43 34 44 47 21 30 32 
43 31 42 29 48 39 50 26 32 30 
37 21 30 30 37 22 22 22 48 24 
20 37 22 36 20 20 38 36 32 26 
47 35 28 26 49 48 48 50 21 26 
32 38 40 20 37 38 34 34 28 44 
44 40 44 24 23 27 28 43 33 46 
35 20 24 25 39 42 44 33 50 40 
29 31 31 28 48 27 49 32 35 33 
42 48 29 44 49 47 44 50 26 48 
47 44 31 45 37 46 33 36 34 38 
44 39 48 28 27 46 48 35 23 24 
40 30 35 39 30 29 23 24 37 32 
41 38 40 30 26 39 29 23 24 25 
34 36 49 23 49 48 29 24 25 42 
48 47 42 32 35 28 35 30 33 44 
39 28 27 20 47 23 46 35 49 38 
39 39 50 40 46 50 45 32 31 36 
22 22 25 35 38 31 50 46 42 33 
22 21 22 23 35 24 28 33 28 31 
45 40 38 31 34 31 45 32 34 37 
22 42 38 36 43 42 47 43 29 41 
50 37 25 44 30 20 24 43 44 23 
32 40 48 48 39 20 39 25 47 25 
29 41 45 29 30 42 21 44 45 21 
49 21 23 44 38 46 49 25 42 40 
39 45 40 47 39 46 40 35 35 26 
48 31 42 30 32 22 44 42 37 29 
49 39 30 39 48 39 45 25 25 42 
47 50 34 43 36 27 42 45 36 40 
36 30 33 23 35 34 26 43 48 28 
46 24 48 33 40 23 28 28 31 37 
44 26 44 24 28 26 22 35 40 22 
41 40 41 20 29 45 44 39 42 35 
50 42 27 36 38 39 41 37 41 26 
23 27 47 27 45 40 20 28 44 36 
24 29 20 39 41 25 27 26 38 45 
38 28 49 31 48 33 22 44 43 27 
49 49 31 42 31 33 32 23 35 46 
49 31 43 32 31 22 34 37 28 50 
34 50 48 37 41 50 30 37 23 32 
40 42 34 25 34 34 38 43 28 26 
50 46 48 45 22 44 37 43 31 31 
36 47 27 46 25 30 50 25 42 26 
29 22 30 37 29 48 39 26 29 46 
22 47 29 44 22 32 40 46 46 31 
32 20 39 49 40 39 40 48 32 28 
48 45 39 37 42 50 49 22 36 44 
32 27 27 46 28 22 40 35 33 47 
45 31 22 38 20 43 27 48 25 33 
43 22 26 31 41 25 29 36 39 37 
42 31 26 37 32 26 28 39 45 24 
28 34 42 39 20 33 26 34 44 31 
50 31 23 48 25 30 41 36 27 23 
32 42 22 33 44 40 38 28 23 50 
33 39 38 22 40 49 26 37 49 47 
29 27 46 50 45 23 46 32 46 32 
48 32 46 37 31 35 20 42 48 39 
40 40 34 39 23 49 49 38 24 27 
47 26 22 21 49 31 30 30 37 34 
40 21 32 22 26 37 37 28 46 29 
28 45 34 48 26 41 45 45 27 38 
46 50 45 32 29 30 28 40 42 37 
24 43 40 28 29 26 46 22 30 27 
37 25 30 27 29 41 27 22 47 21 
30 39 47 50 46 37 31 20 48 26 
37 25 24 50 35 47 36 48 40 22 
33 38 26 44 38 43 31 38 41 32 
24 36 25 32 22 37 24 24 50 20 
43 41 50 49 26 30 33 30 20 28 
48 21 45 43 36 45 48 28 37 49 
38 34 37 25 22 49 50 50 25 30 
49 32 20 21 47 23 20 38 24 41 
22 43 26 45 41 37 36 41 23 29 
44 27 28 28 32 22 39 34 30 24 
49 43 40 40 27 49 37 26 23 26 
34 35 49 39 43 35 32 44 38 43 
36 42 48 44 30 21 46 22 45 23 
45 41 27 37 30 30 48 27 41 34 
36 25 40 40 30 39 43 50 34 25 
49 41 39 40 42 22 32 25 36 39 
43 22 50 25 22 21 38 37 29 41 
34 36 45 26 47 45 27 34 32 29 
47 21 37 45 37 28 47 24 35 26 
43 34 24 37 24 24 50 47 25 23 
32 25 48 27 25 30 22 50 27 50 
45 32 42 20 22 44 36 33 20 20 
34 20 43 35 38 29 23 22 45 25 
41 22 29 39 33 43 42 47 20 46 
23 44 22 44 38 24 32 36 38 45 
46 27 22 25 48 37 49 32 20 42 
21 38 37 37 35 23 44 44 33 36 
37 42 36 38 20 47 24 41 36 34 
39 27 33 43 36 38 48 26 29 35 
43 50 36 45 28 34 31 34 33 48 
31 45 41 31 36 34 50 42 44 34 
20 46 42 32 48 23 36 50 43 29 
29 44 25 30 21 46 49 22 28 23 
41 26 26 27 27 50 39 31 29 26 
42 23 50 50 46 37 24 50 34 37 
37 33 31 33 45 31 38 47 40 27 
20 35 46 31 43 41 44 41 28 29 
20 34 41 27 38 23 35 39 27 39 
41 21 40 43 36 33 23 44 39 41 
37 48 27 48 22 48 34 46 41 34 
31 44 26 40 29 32 32 30 35 45 
44 33 43 20 49 35 28 37 32 43 
31 40 29 46 28 33 24 28 24 22 
33 37 37 25 27 21 34 28 38 29 
27 24 36 24 30 41 26 45 38 21 
31 36 49 28 36 43 28 48 24 47 
26 41 35 42 49 39 41 26 48 45 
24 22 20 31 29 38 47 50 46 30 
48 37 46 41 46 37 44 30 46 22 
41 42 21 48 37 30 36 38 46 21 
27 31 45 20 49 43 38 33 44 40 
25 26 28 41 31 43 37 31 42 22 
24 48 24 31 41 34 25 46 23 41 
36 47 43 28 47 49 41 38 26 47 
50 43 25 46 46 33 38 43 40 48 
32 46 44 32 46 31 40 31 28 33 
31 42 29 24 41 26 30 26 31 33 
34 28 28 33 22 41 20 42 21 28 
39 49 31 32 20 20 33 46 40 22 
47 43 47 41 42 32 38 35 45 49 
28 22 33 44 31 26 45 47 38 20 
25 46 43 26 28 20 29 43 33 30 
31 33 39 29 32 36 36 45 35 38 
21 37 33 29 30 41 37 49 39 38 
31 38 41 39 20 43 37 43 35 30 
31 22 30 42 42 23 20 38 35 37 
23 35 29 24 29 23 41 30 23 26 
38 48 34 37 46 25 31 43 31 21 
44 42 32 28 39 40 27 47 49 44 
32 49 45 36 50 21 42 36 46 31 
22 20 34 45 30 35 35 41 40 46 
38 38 31 44 25 22 43 48 27 34 
39 22 45 33 29 31 29 32 46 49 
27 37 23 39 48 24 35 35 22 21 
21 43 24 49 29 47 40 23 29 23 
36 33 24 40 30 29 42 34 46 31 
27 39 31 27 49 43 29 22 21 44 
23 35 28 43 24 31 47 44 35 27 
24 40 29 39 30 20 22 24 40 48 
45 36 32 48 50 24 47 49 41 28 
33 23 39 36 23 32 21 33 23 25 
26 29 40 28 21 33 28 39 40 23 
41 30 24 32 20 29 47 23 50 39 
35 48 32 30 50 35 46 32 29 24 
21 25 26 31 22 34 30 46 27 35 
32 44 39 49 30 27 43 23 38 48 
43 24 21 22 50 47 34 23 32 21 
33 50 45 37 50 33 29 50 22 49 
41 25 42 36 21 39 25 43 21 24 
38 44 20 43 30 47 30 37 29 26 
34 22 26 48 25 48 49 36 29 25 
42 49 21 41 20 31 20 26 36 32 
37 27 37 39 21 31 21 24 41 23 
31 46 48 32 29 26 48 39 30 35 
48 21 29 40 36 34 30 28 28 25 
40 25 42 44 33 33 44 32 22 49 
29 26 38 20 47 27 20 41 21 26 
20 31 20 50 42 30 48 48 28 40 
44 44 49 20 50 33 24 44 36 21 
38 31 33 50 23 42 24 20 24 27 
22 40 34 43 41 24 33 32 30 35 
40 50 33 39 35 36 41 35 49 24 
30 49 44 36 32 49 30 48 31 24 
26 26 49 37 25 36 38 44 50 39 
29 32 22 47 29 31 46 48 31 42 
44 30 24 34 30 23 42 39 38 47 
47 29 49 24 28 49 48 38 29 20 
37 38 40 24 37 39 35 28 21 38 
39 44 36 25 39 38 25 20 38 34 
34 48 21 49 43 30 29 32 29 43 
40 41 27 32 31 44 26 50 24 25 
38 49 44 30 21 46 20 27 38 40 
48 39 25 20 33 28 33 44 38 45 
20 35 35 49 47 44 38 32 36 24 
27 24 29 26 22 31 44 27 44 21 
23 26 44 38 23 46 22 36 36 44 
50 41 48 43 48 25 24 22 46 29 
28 23 44 49 49 50 35 27 40 29 
41 49 33 26 25 31 28 36 46 47 
34 33 46 33 34 29 41 26 22 24 
42 27 25 43 44 41 44 22 48 21 
26 25 23 45 31 43 31 42 33 36 
29 40 45 22 22 34 20 33 32 33 
22 45 46 24 20 29 42 25 28 30 
28 44 48 44 28 31 46 35 20 22 
36 43 43 33 20 30 27 30 24 36 
36 40 46 34 21 43 23 49 43 25 
33 43 48 31 27 31 47 48 36 43 
39 37 28 30 43 21 25 48 49 30 
33 31 29 42 36 22 33 47 36 21 
25 45 37 48 22 47 49 25 24 46 
37 47 33 25 23 50 36 20 37 32 
47 34 41 42 29 20 25 22 26 38 
20 34 47 47 26 30 36 34 29 41 
32 49 34 27 46 37 44 46 34 29 
25 50 33 37 49 20 49 26 21 36 
22 24 24 50 48 47 33 45 31 21 
36 25 38 47 29 23 36 20 41 50 
42 33 26 37 36 27 29 48 37 46 
38 25 44 25 28 26 46 27 25 42 
26 42 24 28 44 30 43 44 44 28 
34 48 20 28 41 40 21 37 35 24 
44 48 24 34 24 45 24 38 21 32 
40 42 49 40 33 25 50 23 49 49 
45 35 40 23 45 36 21 25 44 27 
42 49 41 27 43 46 22 44 24 27 
28 24 45 35 31 25 41 45 32 34 
31 42 33 49 44 50 35 35 32 44 
50 35 38 29 47 43 32 35 24 36 
23 28 20 47 40 45 24 46 49 30 
29 24 49 38 41 26 50 21 22 32 
43 31 44 28 39 34 23 44 49 36 
34 46 42 46 28 37 20 24 45 28 
25 33 50 50 43 47 49 35 40 22 
33 36 30 46 25 47 39 45 26 42 
35 30 24 44 47 43 20 45 30 46 
44 43 21 32 22 36 34 37 40 22 
25 46 43 41 46 41 32 50 33 26 
38 44 37 27 30 47 22 28 47 35 
40 35 20 26 49 49 26 42 38 37 
49 24 36 27 27 20 41 32 21 21 
49 23 34 21 45 34 46 39 43 26 
38 36 23 37 42 27 47 30 30 24 
35 20 39 31 37 43 42 35 38 28 
36 38 25 47 26 24 36 25 47 22 
29 50 50 30 35 40 38 21 37 26 
23 39 49 21 33 47 24 41 27 23 
24 32 35 42 41 37 35 47 24 36 
29 28 36 23 35 23 49 41 47 33 
50 35 38 38 50 23 20 41 46 33 
31 50 20 30 50 36 31 44 25 28 
43 23 47 49 21 23 35 41 40 35 
24 31 39 20 31 47 26 34 28 36 
40 43 29 38 45 46 22 26 40 23 
22 42 27 20 28 30 48 46 24 29 
43 50 29 23 35 20 37 22 24 40 
26 30 24 44 30 43 24 26 33 31 
38 37 27 34 47 34 20 24 20 33 
50 48 39 23 21 46 23 48 41 25 
32 24 30 37 31 42 43 41 26 26 
21 44 43 36 33 31 33 44 21 24 
29 45 48 28 27 47 43 33 24 23 
25 44 44 23 34 31 26 37 28 20 
47 38 39 35 37 27 32 45 25 37 
42 29 44 38 47 22 41 48 24 34 
50 31 46 28 26 25 24 33 40 47 
32 29 34 36 36 37 49 25 30 30 
27 47 25 31 26 49 50 49 47 33 
20 45 41 24 22 31 27 41 31 30 
35 27 22 20 26 24 26 30 47 29 
45 24 40 27 38 20 36 44 38 43 
50 47 28 42 43 35 30 36 23 30 
29 30 49 20 25 40 43 39 33 28 
47 24 36 26 20 42 24 28 25 46 
24 25 49 23 47 40 26 42 37 49 
40 40 29 31 47 47 37 40 29 35 
20 36 37 50 29 46 46 31 43 31 
29 33 43 36 46 47 21 28 44 43 
34 24 38 36 35 49 43 47 50 49 
40 25 37 23 33 21 38 29 45 45 
34 49 45 45 35 44 37 38 48 37 
35 24 47 31 31 47 43 44 48 29 
24 42 28 29 50 21 21 45 33 48 
25 41 25 49 31 37 34 39 26 36 
27 28 21 23 44 47 43 25 35 28 
38 41 36 38 39 40 31 28 42 26 
27 49 48 38 45 22 28 36 21 39 
41 31 32 32 25 20 49 49 40 45 
29 27 36 44 25 22 41 50 27 45 
44 46 39 49 40 43 21 42 29 23 
27 21 31 20 29 48 39 43 34 24 
47 24 27 32 43 38 40 26 26 49 
34 21 41 48 31 23 50 49 27 26 
31 32 31 28 48 32 25 29 27 47 
33 50 30 39 29 46 31 47 38 29 
43 27 32 22 42 26 29 21 40 32 
50 23 23 26 49 28 36 29 38 31 
50 26 30 31 21 41 34 38 29 27 
33 38 23 33 49 28 48 25 39 28 
23 38 40 50 38 44 30 45 33 50 
20 47 40 41 34 45 23 50 37 34 
31 20 23 37 30 37 24 27 20 48 
34 24 50 30 20 43 44 28 31 28 
36 49 32 26 43 30 48 46 48 46 
25 47 39 31 28 39 25 33 22 22 
50 21 42 37 44 34 27 36 23 29 
30 47 26 42 39 50 47 24 40 34 
22 36 21 37 41 38 36 25 26 24 
21 41 41 43 23 29 25 40 29 47 
50 36 38 29 26 47 23 24 32 50 
49 29 42 42 27 31 23 27 28 32 
47 44 43 37 22 23 34 38 31 33 
29 21 26 40 30 40 43 22 43 43 
45 42 31 21 45 29 30 34 29 27 
35 39 44 27 20 32 36 24 48 41 
26 20 41 22 29 37 25 29 22 39 
21 48 39 37 35 26 33 46 41 42 
36 32 44 24 36 36 48 50 25 24 
23 25 29 39 46 46 34 37 39 26 
28 38 37 26 34 30 30 49 28 24 
21 42 25 38 50 50 49 50 45 23 
31 36 23 26 33 24 20 38 34 23 
23 38 49 35 44 46 24 43 38 29 
24 42 44 38 21 27 37 45 27 43 
24 21 43 25 23 29 47 50 33 24 
47 45 46 36 28 28 30 31 27 25 
20 31 35 25 47 20 30 33 40 30 
42 40 45 28 45 41 46 40 29 29 
28 43 37 29 50 28 42 35 41 36 
48 28 26 49 43 40 43 37 20 23 
25 26 23 29 35 36 20 48 23 34 
28 36 45 22 24 39 20 26 36 50 
21 28 35 21 34 25 25 43 23 31 
38 28 49 21 46 46 41 41 23 50 
23 30 21 39 43 31 31 22 27 22 
26 27 46 24 48 34 44 27 45 38 
50 22 40 35 42 22 30 44 41 23 
29 45 31 49 35 47 22 25 43 44 
35 27 47 33 39 22 21 21 40 39 
22 28 32 42 22 27 27 27 22 40 
21 28 25 38 23 38 46 25 41 44 
36 26 45 32 20 43 44 31 21 34 
38 47 36 50 32 23 25 30 31 40 
40 41 39 33 37 32 31 41 41 41 
41 33 28 43 28 25 40 50 32 48 
28 25 27 48 43 31 24 30 40 41 
38 35 46 40 45 40 33 21 22 43 
23 42 27 36 20 30 27 45 33 23 
33 44 47 36 50 27 23 37 31 40 
42 36 37 37 41 28 42 26 32 30 
39 20 48 50 23 38 35 27 22 33 
47 34 22 42 24 31 39 30 30 35 
30 45 41 25 49 50 50 43 46 45 
21 27 22 23 28 21 22 43 46 35 
38 50 36 28 25 49 37 21 50 32 
31 22 30 37 50 24 27 22 22 30 
32 21 45 47 27 32 22 28 40 50 
48 31 26 28 45 35 38 37 29 22 
45 50 45 29 31 49 49 49 46 36 
23 21 24 49 44 44 39 28 25 32 
22 38 24 26 31 43 22 50 47 44 
28 44 48 34 30 44 44 47 46 35 
26 27 42 50 41 44 23 44 22 38 
40 37 22 26 24 42 45 25 34 31 
50 47 20 21 27 48 39 40 24 50 
38 39 47 35 25 30 27 24 43 29 
49 48 23 48 40 34 25 40 42 47 
31 32 41 49 45 44 26 21 29 20 
33 49 46 26 20 33 35 42 30 45 
34 31 30 29 48 42 22 47 23 33 
32 20 34 21 41 40 30 42 42 30 
22 31 44 23 20 49 33 36 31 21 
29 24 39 31 34 39 32 46 27 22 
23 27 38 49 47 30 48 50 21 46 
37 28 21 23 30 28 47 26 34 21 
31 34 48 43 20 31 27 25 45 26 
28 43 50 22 20 28 50 30 41 35 
46 29 41 35 29 30 34 35 42 48 
37 32 37 32 22 29 26 50 45 30 
43 45 38 47 36 40 48 32 44 49 
38 31 32 49 47 26 36 45 23 32 
44 36 50 25 27 43 42 28 44 21 
33 24 49 35 31 34 28 32 26 33 
27 40 28 30 42 39 49 43 46 45 
21 41 43 45 25 43 41 28 23 43 
39 20 38 34 33 49 25 48 20 32 
30 25 29 21 36 47 21 29 50 36 
42 49 48 42 42 35 44 47 22 34 
39 26 20 50 20 20 49 24 27 36 
23 37 46 20 29 30 47 28 26 45 
42 43 36 33 45 45 23 47 28 35 
26 23 27 26 37 35 43 36 36 50 
45 34 20 47 42 36 35 31 48 30 
46 45 46 31 40 38 37 35 23 42 
42 24 25 36 25 21 44 29 44 38 
33 29 29 27 29 27 32 30 32 30 
34 43 29 20 22 20 36 26 23 45 
41 39 21 44 22 45 39 24 43 43 
49 29 21 30 44 47 47 23 26 49 
39 46 46 22 35 40 39 45 23 36 
48 20 45 33 26 36 47 48 42 27 
45 39 35 49 21 44 48 37 24 49 
26 29 36 23 26 43 34 21 33 32 
43 36 48 40 46 38 41 20 26 43 
41 31 37 43 47 31 37 24 20 39 
48 32 45 30 31 35 25 35 29 34 
29 44 30 33 22 21 27 48 46 26 
46 23 32 38 39 26 31 40 44 20 
40 38 21 27 33 20 46 40 21 40 
26 26 48 23 24 39 47 27 47 36 
37 34 40 41 41 44 43 26 21 40 
22 22 47 35 47 49 25 37 42 33 
45 43 37 22 46 33 40 38 37 23 
23 44 22 40 38 48 38 35 35 49 
34 30 45 36 44 45 43 35 34 48 
35 31 50 38 33 48 50 26 29 40 
27 38 47 47 24 45 24 49 37 27 
25 49 34 40 41 28 32 20 28 21 
50 32 40 38 49 21 40 30 40 42 
32 22 26 44 24 42 38 37 47 49 
37 49 25 21 31 40 37 35 30 49 
23 42 33 24 28 40 28 37 44 24 
41 50 29 47 48 31 30 22 29 32 
34 26 39 42 47 31 44 40 33 22 
26 20 30 31 48 23 34 46 35 50 
46 32 47 21 24 31 26 26 22 29 
40 33 23 39 47 37 36 35 49 20 
31 39 20 37 50 26 32 30 35 23 
20 35 23 33 35 47 28 33 46 27 
21 29 37 49 20 48 26 24 20 47 
25 38 37 46 47 37 27 26 43 39 
47 27 49 48 41 24 30 44 36 44 
32 39 34 38 32 26 35 35 35 33 
23 31 42 47 29 26 20 44 35 47 
41 26 48 48 32 23 27 31 23 28 
39 33 39 33 47 34 45 42 46 21 
48 36 22 34 47 25 27 26 23 34 
32 50 21 22 26 39 32 47 36 24 
24 32 25 38 33 39 40 47 43 44 
41 47 50 43 38 24 41 49 34 25 
27 48 32 31 42 33 46 38 33 43 
28 37 33 40 34 23 31 34 50 39 
27 47 45 26 27 22 29 44 23 47 
45 29 43 33 46 22 29 32 44 28 
29 47 32 27 28 25 31 32 27 20 
50 30 31 44 44 23 32 32 45 35 
49 21 26 46 37 29 32 37 40 33 
36 46 43 37 49 27 50 29 49 31 
49 25 25 22 40 24 34 32 29 33 
33 46 23 47 27 24 34 44 28 30 
42 32 46 32 45 21 37 21 22 42 
27 21 32 37 42 44 25 43 50 25 
46 35 41 33 24 46 26 37 21 21 
21 33 22 23 39 26 22 39 50 41 
46 46 36 30 23 23 23 25 28 48 
46 42 25 28 34 25 37 50 30 25 
28 27 27 30 43 27 33 29 38 38 
34 32 27 35 34 47 43 47 24 25 
31 33 34 28 23 22 36 27 48 48 
28 45 45 31 50 20 39 25 28 25 
50 30 23 48 45 39 34 38 34 25 
41 33 42 48 22 43 34 25 34 25 
41 33 41 25 40 36 40 48 30 48 
42 48 24 28 49 48 34 29 32 21 
31 35 43 50 27 45 43 47 35 28 
29 37 22 35 25 44 38 22 46 46 
37 40 41 47 46 43 46 36 26 35 
39 44 34 22 43 44 39 23 47 35 
38 21 38 44 21 40 47 50 50 50 
25 31 34 21 32 34 44 35 23 22 
45 23 27 48 46 32 26 28 32 21 
44 24 22 26 25 40 20 34 31 20 
35 36 28 25 42 36 45 37 28 32 
21 49 43 45 41 49 44 47 45 40 
28 20 47 25 43 33 37 21 25 46 
41 22 22 22 45 39 38 30 40 50 
48 33 40 24 29 34 35 40 50 35 
35 42 49 31 42 48 41 40 36 40 
38 29 37 26 27 20 36 44 28 32 
34 42 26 25 46 21 28 21 35 49 
28 48 44 20 43 26 28 36 44 28 
30 49 32 34 39 29 48 40 38 20 
26 33 30 27 39 20 43 33 28 36 
25 34 35 22 30 23 39 31 42 32 
35 45 21 38 47 29 21 34 42 35 
48 46 29 50 43 46 30 20 38 20 
40 23 46 50 39 38 45 25 48 47 
28 32 25 41 39 39 39 20 25 49 
32 45 31 21 35 21 41 29 29 50 
25 21 20 24 41 50 32 29 38 37 
41 23 40 37 22 38 46 41 39 45 
43 30 47 34 31 28 50 28 42 25 
40 43 30 43 25 42 50 32 32 36 
44 49 31 42 50 35 48 44 30 46 
23 39 45 46 32 37 31 48 41 35 
34 41 34 20 38 28 35 48 36 24 
41 43 37 21 24 46 35 45 28 47 
29 47 31 34 25 41 40 29 28 47 
21 29 27 33 31 43 44 48 30 24 
24 41 34 27 36 25 26 23 45 36 
37 23 44 37 40 38 50 47 47 29 
45 24 21 24 22 27 41 48 32 22 
49 50 42 43 22 31 50 28 39 27 
20 40 32 22 37 49 24 47 30 47 
34 23 45 36 34 39 40 43 33 41 
21 46 25 44 28 33 44 42 25 30 
48 46 21 38 35 39 24 22 42 47 
24 42 21 26 38 41 25 34 48 43 
39 21 27 35 31 43 42 21 29 32 
47 39 37 46 46 43 32 45 35 38 
34 48 50 40 22 22 41 32 25 50 
32 41 26 37 49 43 26 29 34 45 
44 39 42 45 21 48 43 43 43 39 
41 32 46 33 27 46 43 31 40 22 
44 40 32 20 42 33 38 25 20 45 
32 39 49 26 22 20 44 47 35 39 
35 46 47 40 27 33 45 46 23 35 
41 21 35 45 32 29 23 20 28 21 
20 37 31 22 37 33 31 37 26 44 
22 34 39 32 38 34 21 34 30 25 
45 29 34 41 32 43 34 43 23 46 
37 50 30 30 46 32 46 31 44 29 
45 29 29 50 27 31 38 25 27 33 
31 38 40 32 26 37 23 40 38 45 
37 27 49 23 28 41 35 40 35 37 
23 25 50 20 35 23 33 37 26 20 
37 46 31 34 20 27 45 42 45 26 
21 45 31 46 43 44 35 30 41 20 
21 23 32 48 20 23 28 32 40 26 
37 39 48 48 42 29 40 43 23 40 
25 40 34 34 21 26 34 35 21 42 
31 50 21 35 33 47 32 41 23 36 
48 46 28 46 29 43 47 26 30 34 
26 23 20 29 49 20 43 31 37 33 
23 42 46 49 23 34 34 29 23 34 
29 37 39 40 26 32 45 49 33 34 
26 30 35 38 40 28 45 39 21 40 
37 45 47 23 40 27 29 20 21 46 
30 35 32 40 49 28 40 26 45 23 
27 25 23 28 34 24 48 45 44 21 
24 20 22 43 38 30 27 50 41 26 
37 47 23 20 39 41 31 46 46 34 
46 36 28 39 36 37 31 26 38 32 
50 41 21 42 46 29 40 26 32 31 
21 20 33 28 24 49 40 44 34 37 
21 22 31 43 44 25 21 28 34 30 
36 35 27 32 21 43 32 38 21 35 
35 28 20 35 37 45 30 33 46 35 
36 26 28 28 31 36 21 21 26 43 
30 42 26 31 50 27 39 23 47 32 
20 49 50 31 33 38 40 24 22 40 
42 21 33 32 37 46 26 38 37 44 
34 32 22 42 49 36 45 44 31 32 
50 28 38 43 21 37 48 32 47 22 
27 22 23 23 35 42 26 33 44 23 
38 30 22 20 35 38 29 47 38 44 
24 20 36 37 43 32 38 41 40 36 
21 23 22 31 38 32 38 31 45 31 
25 48 27 37 38 20 41 35 22 41 
22 39 23 47 44 48 21 45 31 23 
40 24 20 34 33 24 41 42 26 48 
31 48 31 29 39 50 36 30 47 49 
37 45 22 49 29 26 33 43 22 41 
27 42 22 45 34 21 42 25 31 31 
21 22 23 48 40 45 31 27 28 50 
37 29 22 35 37 21 25 44 30 48 
44 46 37 24 24 32 21 22 42 22 
26 30 30 32 49 22 24 34 34 48 
47 25 41 21 31 33 50 32 26 22 
22 47 23 47 31 25 50 42 29 50 
28 50 29 44 47 38 21 40 49 36 
36 46 25 26 36 32 50 40 39 46 
46 22 47 26 42 28 26 47 44 29 
29 32 41 33 42 36 38 46 31 31 
28 24 43 23 41 33 50 30 32 30 
27 24 45 31 49 45 36 47 27 30 
26 33 36 46 36 42 49 49 24 32 
49 29 40 21 20 41 21 48 43 26 
44 48 37 24 31 41 49 36 50 50 
28 30 49 36 47 27 22 25 23 38 
31 50 34 32 23 22 41 47 35 30 
31 43 31 47 32 31 30 49 29 20 
47 44 43 49 43 21 45 33 24 45 
27 46 21 26 30 30 25 47 29 41 
46 33 41 46 25 30 30 21 39 46 
26 49 29 43 38 47 28 45 26 34 
25 47 44 24 24 37 48 41 31 39 
20 50 34 46 31 48 31 47 42 44 
20 20 27 37 22 50 35 27 42 36 
39 38 22 21 37 33 29 28 29 41 
32 47 50 24 47 30 34 37 36 30 
40 48 32 27 43 32 45 38 26 22 
34 44 40 36 46 50 28 33 46 41 
42 39 38 20 35 31 33 45 21 29 
23 26 42 23 32 21 40 32 45 46 
49 21 44 36 33 25 34 48 24 21 
50 36 40 37 23 26 27 28 23 50 
24 49 22 26 29 21 24 23 47 22 
33 27 41 45 22 20 28 42 33 29 
38 21 46 36 47 42 36 40 38 39 
46 21 48 25 45 32 41 33 44 49 
48 29 32 30 21 20 29 43 41 27 
37 30 32 32 23 49 37 28 44 47 
44 35 48 40 32 23 30 34 24 43 
42 43 20 30 49 20 41 50 46 34 
28 44 21 25 42 47 46 50 23 40 
36 48 46 23 40 38 47 39 31 20 
36 32 38 45 29 21 37 47 33 38 
45 27 21 28 22 23 46 33 20 50 
21 37 48 50 21 45 28 23 29 20 
30 20 25 39 30 25 21 34 45 27 
38 38 25 47 30 25 32 41 43 49 
32 25 24 40 22 28 47 44 27 35 
45 41 37 45 41 23 25 50 46 29 
44 44 23 20 37 39 28 40 23 29 
38 49 21 47 47 49 45 45 30 44 
20 28 32 32 46 20 47 36 37 27 
27 22 22 32 34 39 24 26 47 33 
39 28 48 20 22 48 43 29 47 37 
44 32 21 44 31 35 34 37 33 48 
37 21 32 46 36 47 38 46 22 42 
43 47 37 29 46 31 39 21 22 47 
38 45 27 34 41 21 33 48 50 39 
39 41 37 38 44 34 47 38 49 21 
47 42 46 43 41 47 39 40 38 34 
38 25 36 35 23 50 26 40 41 33 
41 30 22 27 34 46 34 45 48 24 
29 46 33 38 23 38 27 37 35 25 
22 44 50 26 24 31 30 29 47 37 
42 25 46 25 35 24 24 30 44 32 
34 42 33 30 32 20 33 23 21 35 
23 22 22 50 21 24 23 42 37 29 
43 26 40 42 29 49 37 41 49 40 
28 32 27 23 49 35 37 44 27 25 
28 29 47 28 29 45 50 38 43 39 
42 41 45 29 25 22 33 35 29 22 
28 45 24 42 23 20 20 42 38 43 
30 31 37 36 34 41 30 50 28 50 
20 31 26 50 44 34 31 28 23 24 
39 50 33 50 44 40 21 27 20 22 
21 45 50 48 32 25 28 21 35 36 
25 44 28 35 27 48 38 49 27 42 
21 29 33 21 28 33 25 42 20 30 
36 43 38 29 38 33 26 46 44 22 
45 32 42 49 28 25 39 47 47 20 
44 43 50 34 33 35 35 43 29 41 
27 40 46 36 21 41 31 37 39 45 
34 25 29 35 22 39 22 36 21 34 
48 23 33 37 44 25 24 31 21 26 
20 36 36 49 21 31 39 37 30 21 
30 49 28 26 21 28 32 22 25 20 
40 30 39 27 26 27 22 39 21 40 
26 30 47 42 41 23 42 47 42 29 
22 47 41 40 36 33 22 43 20 36 
26 44 33 46 44 49 48 34 38 23 
44 45 45 50 30 33 24 28 43 26 
37 39 35 43 39 23 50 35 45 42 
41 40 35 34 34 25 21 30 32 33 
28 45 35 48 32 35 28 46 20 47 
29 47 38 36 34 26 45 50 35 48 
30 34 30 39 34 38 24 24 49 26 
35 45 45 34 25 28 28 44 39 30 
37 31 32 40 43 24 42 22 20 27 
20 35 31 38 21 35 29 39 30 25 
30 45 31 36 47 49 45 32 35 41 
40 35 45 38 46 22 49 23 30 46 
40 27 23 20 41 39 47 35 33 50 
28 36 34 36 35 43 25 42 21 23 
40 37 29 38 36 49 39 43 44 39 
38 23 39 31 41 35 20 20 26 29 
25 24 20 24 32 29 34 36 35 28 
44 40 28 41 20 33 42 24 27 43 
26 27 48 26 29 46 48 41 41 48 
47 46 31 40 21 33 50 30 47 33 
50 39 22 26 47 47 35 29 24 46 
36 23 23 25 37 22 26 24 35 30 
38 32 24 42 40 35 29 31 23 32 
34 32 43 50 47 26 49 34 46 24 
36 49 23 20 46 37 28 26 26 21 
23 44 32 21 43 32 36 38 40 45 
45 25 36 33 43 50 37 42 36 37 
43 26 34 21 36 41 46 34 46 41 
28 27 28 43 41 29 41 47 21 26 
36 38 21 30 36 26 28 35 20 41 
32 29 49 26 50 47 44 31 25 29 
42 42 20 32 36 35 35 25 37 43 
22 47 20 36 24 48 49 37 47 32 
49 46 34 21 41 44 35 44 42 38 
21 47 26 28 33 30 45 36 30 32 
47 39 42 38 27 23 28 50 20 44 
31 41 35 20 27 38 21 50 48 33 
44 43 29 34 29 29 43 28 21 33 
33 35 47 34 24 47 38 42 34 40 
43 44 34 27 23 27 49 40 48 34 
42 48 47 46 36 44 33 30 50 30 
29 21 27 38 37 26 28 39 32 36 
42 30 36 41 45 24 24 28 49 23 
22 24 44 29 34 23 25 31 21 22 
20 38 41 21 42 25 43 27 50 21 
45 41 39 24 42 40 28 29 25 38 
20 35 46 21 35 32 28 33 44 38 
37 21 49 32 26 29 31 34 23 39 
23 34 41 21 23 31 33 30 28 44 
37 40 35 42 25 50 25 32 30 37 
40 29 43 45 43 27 20 48 47 49 
32 46 21 23 30 33 22 29 32 29 
47 44 21 40 39 37 20 48 22 22 
45 25 37 35 39 43 25 45 25 39 
35 39 38 34 45 45 43 21 43 30 
32 37 45 49 37 44 45 36 43 28 
22 38 38 46 29 32 37 29 23 29 
39 20 24 29 41 28 24 32 30 42 
50 29 38 45 33 43 28 29 40 23 
24 23 35 31 33 32 41 20 23 44 
25 43 21 43 49 41 40 24 36 40 
25 20 26 38 28 49 42 32 40 30 
20 37 50 42 48 25 30 48 35 25 
49 47 29 31 27 34 35 40 30 38 
31 20 21 48 47 22 26 39 36 38 
22 28 37 40 23 44 50 27 27 25 
42 40 40 47 26 27 49 21 49 39 
42 23 41 44 32 33 33 39 48 44 
22 42 21 37 44 33 25 43 41 27 
43 48 49 23 33 27 22 31 47 25 
27 43 49 45 42 29 36 35 44 22 
29 42 27 37 25 28 44 29 23 39 
35 50 23 39 50 24 22 38 44 28 
40 24 23 48 38 34 30 45 47 47 
24 29 48 25 21 22 35 35 25 38 
20 50 50 23 30 30 50 24 21 36 
24 33 23 21 47 47 45 47 36 50 
33 41 40 28 47 22 22 33 39 42 
31 29 33 49 25 37 22 20 47 34 
43 36 20 45 37 36 29 26 49 22 
35 49 36 42 44 39 40 24 45 41 
28 38 34 20 45 49 46 33 36 48 
32 42 21 31 29 39 32 50 50 21 
23 27 27 46 39 22 38 34 38 31 
38 45 44 39 43 21 42 45 45 31 
20 27 42 39 42 41 40 39 23 29 
31 43 24 35 21 22 20 44 35 29 
35 43 40 41 40 29 40 25 32 32 
43 46 47 41 26 26 29 35 21 20 
22 22 22 38 33 38 48 38 27 27 
24 38 26 44 36 34 43 30 36 37 
42 36 25 20 42 24 42 44 41 27 
31 38 48 22 35 34 29 21 26 45 
41 25 49 21 39 30 45 39 48 47 
48 49 35 21 43 41 27 50 47 36 
37 42 35 21 39 48 40 31 36 47 
49 24 36 50 21 21 22 43 50 47 
33 32 27 29 40 25 44 39 39 35 
34 32 26 31 27 42 29 26 28 50 
25 20 35 31 44 30 20 37 43 49 
27 45 25 48 35 48 42 43 47 35 
40 20 35 30 27 25 29 22 38 32 
44 48 27 41 31 33 28 28 38 30 
47 37 40 24 20 38 26 29 35 23 
50 26 36 44 23 33 41 29 26 36 
50 25 39 36 32 20 23 29 22 29 
40 35 27 46 41 22 26 21 25 29 
44 36 36 40 25 50 33 33 39 47 
34 36 25 47 41 31 25 23 24 50 
50 28 30 42 34 33 21 30 38 48 
39 35 29 31 50 32 39 37 40 50 
46 35 48 30 47 46 27 36 39 28 
29 28 35 47 26 47 35 22 45 26 
39 32 30 33 30 34 32 45 44 22 
29 20 49 27 41 33 47 25 39 50 
31 37 30 35 25 49 25 36 29 26 
39 30 20 44 21 34 22 28 24 33 
36 28 47 39 27 50 22 46 28 30 
47 27 29 44 46 20 27 31 34 34 
31 29 42 47 39 48 28 39 26 39 
41 32 37 39 37 46 22 37 29 37 
36 26 29 33 44 30 20 32 28 40 
39 24 28 23 26 42 28 44 24 30 
25 27 40 41 27 29 27 28 46 41 
41 42 37 49 27 39 35 27 33 25 
24 34 23 22 32 43 44 30 49 29 
38 25 21 33 27 46 21 40 31 26 
50 44 33 40 35 48 40 49 44 40 
48 34 43 34 24 24 43 45 33 31 
39 27 45 48 48 23 48 36 34 20 
22 50 39 37 36 48 33 31 29 43 
27 42 50 46 45 42 27 36 36 43 
23 26 30 40 29 27 42 24 41 48 
45 43 31 31 21 26 34 35 24 28 
28 29 40 43 21 26 30 49 27 46 
45 20 26 46 41 20 27 40 42 34 
47 31 39 38 41 45 34 31 46 40 
47 31 24 27 41 21 41 37 30 43 
39 48 26 43 29 25 29 32 32 45 
20 25 20 24 34 39 41 38 34 44 
50 46 20 20 39 35 30 50 26 23 
33 39 21 23 32 21 23 27 26 31 
28 27 21 42 45 33 30 29 39 30 
28 45 49 28 46 25 49 32 49 23 
29 30 20 42 32 21 27 38 40 42 
21 40 43 25 41 28 21 48 29 26 
37 24 32 44 25 34 31 26 40 21 
35 27 44 33 39 46 32 36 20 21 
38 47 47 33 36 40 50 21 43 50 
40 48 45 23 28 20 24 34 23 32 
24 42 44 34 49 32 20 30 38 50 
32 50 22 28 37 50 34 38 39 45 
35 39 23 21 45 44 45 31 29 34 
35 40 47 45 43 43 44 41 39 36 
23 20 39 31 29 32 49 20 26 38 
25 26 48 31 37 31 38 45 32 20 
30 47 46 45 31 43 32 45 26 33 
33 23 31 50 24 36 49 44 49 25 
30 27 50 23 37 25 22 48 30 31 
29 43 47 49 23 40 48 47 22 46 
32 23 37 34 36 43 28 27 22 25 
36 42 41 27 45 46 35 31 21 46 
46 29 27 20 37 25 41 38 21 26 
25 45 42 44 42 27 34 45 24 42 
31 45 37 25 28 32 20 34 33 40 
49 25 38 34 49 24 28 43 31 41 
33 24 34 28 21 28 48 50 47 50 
29 26 38 23 22 25 22 33 48 31 
20 42 20 45 46 34 20 26 27 21 
32 34 28 30 42 45 41 20 44 20 
42 32 28 26 32 50 46 36 31 36 
31 38 37 48 21 38 24 24 21 23 
50 46 34 36 21 28 37 24 50 28 
33 33 48 36 21 40 39 39 21 41 
49 47 39 22 27 49 45 35 31 30 
33 21 36 40 25 38 22 27 29 39 
42 50 49 38 35 47 22 29 44 33 
33 40 47 25 43 31 37 20 50 25 
29 39 30 44 26 48 31 50 45 31 
47 31 27 42 21 46 42 43 25 21 
33 21 37 25 44 22 43 50 46 30 
47 46 20 45 20 20 42 30 44 28 
47 27 35 30 49 29 43 38 50 50 
35 35 22 22 50 44 23 43 28 35 
28 49 33 29 33 34 35 44 32 37 
21 27 40 44 31 45 23 24 21 20 
37 45 46 37 43 21 28 39 35 26 
36 36 28 33 32 20 37 23 21 26 
50 39 33 28 32 49 41 47 43 44 
39 20 20 45 48 39 39 25 28 20 
25 38 45 50 45 49 33 29 38 47 
46 36 38 39 35 20 20 46 27 20 
27 46 35 30 34 29 27 21 36 47 
45 21 26 27 36 20 39 22 48 32 
27 48 43 22 29 42 41 23 34 30 
31 44 41 30 29 42 41 39 37 46 
39 45 46 34 21 20 34 47 21 36 
45 32 23 23 39 50 34 41 37 20 
47 26 47 45 48 42 37 22 38 44 
36 46 24 30 20 35 21 36 39 34 
28 49 32 24 36 49 42 50 37 25 
34 21 20 27 24 32 21 26 42 39 
22 46 21 28 47 34 33 32 35 38 
46 36 39 29 50 48 27 42 39 34 
36 40 26 47 21 34 37 44 41 28 
45 49 39 42 46 46 39 41 40 49 
46 25 45 50 34 29 48 37 35 49 
30 32 23 50 37 28 44 37 30 28 
29 36 44 28 35 48 36 41 27 46 
40 43 29 46 33 43 21 25 48 36 
33 49 33 40 46 24 38 32 48 37 
27 24 24 50 28 34 39 27 31 24 
23 21 24 40 23 22 39 44 49 49 
22 28 26 47 39 24 47 41 49 41 
25 38 31 33 44 43 50 38 45 25 
20 48 45 23 37 24 39 43 22 34 
48 43 31 27 24 48 46 50 24 25 
25 21 36 31 30 46 30 41 48 41 
37 20 50 47 44 41 47 37 49 36 
42 25 45 42 49 43 31 34 50 41 
45 40 38 30 21 29 27 21 27 32 
24 50 31 24 25 27 36 49 31 48 
24 43 34 49 40 40 46 31 32 43 
43 45 44 27 21 49 38 21 32 30 
48 30 27 45 37 36 28 26 45 39 
20 38 50 38 43 20 20 33 22 47 
43 20 40 42 24 28 48 47 33 38 
47 26 31 25 40 21 43 28 22 46 
28 26 35 24 45 32 20 26 33 39 
29 23 27 44 30 50 24 25 25 41 
21 22 37 27 41 32 24 37 39 49 
25 40 38 41 28 32 36 45 27 30 
23 41 28 20 50 42 22 31 29 49 
49 44 28 27 42 38 26 43 25 21 
23 20 36 39 42 39 33 47 50 50 
32 24 34 50 26 28 41 43 37 36 
48 50 20 50 34 35 39 25 43 45 
30 30 35 33 25 49 50 33 37 20 
33 30 40 28 38 37 23 50 28 43 
47 36 29 23 32 26 32 27 44 45 
34 29 42 32 38 27 24 42 30 25 
36 22 46 48 37 40 45 26 34 29 
35 28 42 48 35 33 42 20 31 44 
38 36 40 21 36 44 36 29 21 22 
25 32 41 41 27 29 29 49 20 33 
45 26 24 49 43 21 43 43 48 44 
39 21 31 37 43 25 45 21 21 21 
28 32 22 22 33 37 24 34 24 42 
37 22 20 48 24 41 38 29 46 21 
27 41 29 27 40 50 44 45 29 20 
47 37 44 34 27 27 28 40 26 26 
30 27 44 28 28 47 40 36 20 32 
28 45 49 50 46 28 50 47 49 31 
47 33 48 23 27 24 32 36 27 21 
39 26 28 44 22 30 26 29 29 34 
28 39 31 30 25 27 43 30 34 42 
21 26 48 38 24 46 25 30 42 21 
33 20 28 31 31 43 20 47 39 33 
25 41 38 33 20 29 49 47 20 25 
23 34 39 34 37 28 34 27 47 26 
25 39 21 31 46 27 24 34 32 35 
43 45 31 26 43 47 27 41 24 27 
32 42 41 43 20 23 32 40 45 31 
48 35 39 50 20 24 39 50 45 27 
47 29 20 37 21 25 37 44 44 46 
27 27 41 24 43 37 30 36 50 45 
45 50 42 24 23 45 34 39 41 27 
33 49 23 20 26 50 27 27 29 27 
33 43 30 26 49 28 22 29 32 41 
33 47 31 49 50 44 46 46 42 31 
48 37 43 23 22 46 44 20 26 37 
37 38 30 37 49 24 34 25 25 48 
27 28 33 40 26 39 46 47 29 50 
46 42 25 24 47 26 34 31 30 25 
26 46 29 39 45 30 50 38 20 23 
29 21 37 37 31 35 39 44 39 45 
42 36 41 24 38 37 49 49 46 26 
37 25 21 35 46 32 23 24 50 31 
22 33 50 43 21 44 39 23 25 26 
21 20 43 32 24 35 30 50 29 39 
40 34 22 33 49 20 42 43 49 23 
24 36 29 31 39 22 48 31 31 32 
47 26 37 25 29 22 35 50 34 30 
27 31 39 32 41 34 34 42 41 23 
38 27 39 24 20 36 41 43 36 32 
40 36 39 46 46 32 36 30 41 39 
31 27 49 49 35 47 40 36 30 24 
23 41 46 36 37 47 21 40 27 41 
24 36 48 31 40 20 29 27 40 28 
25 46 23 30 24 34 22 44 42 35 
33 46 44 43 42 20 34 42 22 38 
26 24 24 26 30 32 35 48 23 46 
27 44 47 29 31 36 34 40 47 46 
43 34 38 29 21 43 27 20 42 50 
33 26 23 48 28 33 36 43 40 25 
22 27 37 38 20 29 45 45 45 20 
35 44 47 50 35 39 30 39 36 29 
27 44 24 43 40 38 27 39 30 50 
31 44 36 34 39 31 20 49 39 21 
45 29 28 37 36 35 42 23 48 39 
28 26 45 31 28 34 26 31 34 27 
27 37 20 29 28 28 49 24 28 44 
39 29 46 43 47 33 35 20 20 31 
44 27 32 48 36 23 26 42 37 33 
48 21 33 38 28 50 47 44 42 49 
23 49 44 34 48 31 38 22 47 43 
47 39 26 48 26 37 32 22 38 43 
26 24 30 21 40 37 44 28 24 44 
44 32 34 21 40 25 48 33 23 40 
29 24 39 21 23 31 20 22 20 25 
47 42 28 41 46 29 39 36 50 32 
41 23 31 27 24 28 38 31 45 40 
39 33 23 33 42 30 42 38 24 26 
21 49 49 42 21 25 46 37 22 22 
24 36 40 50 28 31 45 27 42 47 
36 36 23 25 49 40 50 33 24 44 
38 23 33 23 31 20 42 44 31 42 
25 23 23 21 44 32 26 27 46 20 
41 47 35 43 40 45 45 42 37 49 
48 30 50 39 30 46 48 49 39 22 
48 30 34 20 35 38 27 27 34 46 
36 48 20 42 44 24 49 46 50 32 
37 49 29 30 28 27 42 29 41 46 
22 28 23 30 34 37 35 22 21 28 
28 27 46 49 37 42 37 20 47 44 
30 26 22 27 40 32 38 35 32 38 
47 23 29 28 24 46 37 38 50 40 
36 40 32 36 25 20 28 25 44 37 
22 30 38 38 21 41 24 45 21 22 
28 39 37 31 20 31 26 41 46 21 
30 42 27 43 28 25 47 37 46 30 
26 31 27 38 41 40 37 31 25 26 
33 47 32 32 35 40 37 26 45 33 
38 41 33 48 31 31 26 26 35 46 
36 30 42 50 35 33 22 39 28 23 
25 33 41 50 37 20 23 25 40 50 
39 27 40 25 47 44 31 40 45 46 
31 31 49 50 35 30 45 22 36 35 
44 31 50 30 22 26 23 37 50 30 
36 26 35 27 31 43 27 35 34 24 
25 38 47 38 26 45 48 28 25 38 
50 50 45 25 40 32 33 23 44 45 
39 29 42 21 45 30 36 26 21 35 
42 30 24 22 23 20 44 25 21 36 
40 25 27 35 29 40 35 34 31 27 
38 41 40 37 29 41 48 49 44 24 
29 28 28 47 20 21 36 33 21 50 
50 38 28 43 37 30 20 26 21 45 
48 29 27 33 21 38 41 46 40 50 
46 35 42 41 38 27 35 39 24 36 
50 49 48 20 45 21 39 36 39 24 
29 33 33 35 43 32 42 44 41 47 
38 27 31 26 35 22 26 21 32 45 
20 45 43 25 28 49 27 20 27 41 
48 40 47 33 38 33 34 24 50 42 
27 29 30 33 25 27 31 26 33 22 
41 21 48 46 48 24 25 20 49 45 
39 48 22 47 43 27 23 47 39 23 
23 47 25 47 21 48 23 40 33 48 
25 21 37 29 44 22 41 47 41 30 
45 45 47 45 24 48 28 37 28 44 
35 24 20 38 29 23 36 34 32 24 
35 28 42 34 25 48 40 33 50 34 
36 22 43 28 45 46 33 41 36 39 
32 40 24 24 49 46 22 20 47 40 
23 21 36 40 39 35 38 44 31 24 
49 41 27 32 42 43 39 29 42 36 
41 38 28 22 25 49 29 26 25 45 
26 49 39 32 28 28 46 41 25 33 
26 31 47 24 27 48 21 44 24 44 
37 37 21 28 49 41 21 36 44 44 
46 23 26 39 26 43 29 42 40 40 
29 45 25 28 20 42 42 38 26 46 
50 50 41 35 30 23 50 40 26 40 
40 29 37 33 28 38 24 30 32 20 
37 33 49 37 46 30 30 50 26 24 
47 29 44 34 40 40 49 41 30 22 
22 45 37 32 29 28 45 46 44 43 
30 44 35 37 25 39 28 29 41 21 
24 24 42 26 36 22 25 29 28 41 
39 43 39 47 26 20 36 33 49 47 
32 50 45 30 42 35 21 24 39 26 
24 32 36 34 48 38 42 29 34 23 
47 24 25 40 37 49 48 36 30 34 
28 46 41 20 42 46 24 25 32 50 
42 31 26 34 24 21 43 33 36 36 
45 21 44 32 25 44 28 34 33 50 
46 37 21 29 41 39 45 42 37 25 
36 43 28 31 37 29 40 29 29 36 
43 27 37 34 23 35 28 28 27 30 
40 36 36 39 47 21 40 22 29 42 
47 36 44 38 31 36 30 50 43 20 
44 30 24 24 45 39 24 46 42 48 
32 20 31 30 48 34 20 44 23 20 
22 34 45 33 34 24 26 45 32 27 
34 32 27 24 35 49 40 21 25 24 
43 31 28 29 34 39 21 29 27 31 
21 21 32 45 48 27 30 29 41 45 
34 50 29 32 24 49 43 23 40 33 
25 50 46 22 41 43 36 46 20 44 
30 22 24 26 44 43 22 37 44 49 
22 30 31 22 20 41 46 44 24 35 
44 46 33 20 44 23 32 25 49 37 
36 33 47 47 38 46 35 30 32 26 
22 35 42 32 42 20 41 39 42 27 
39 50 44 29 32 50 45 24 33 37 
35 29 35 39 49 21 20 43 36 26 
40 24 39 20 35 38 50 34 45 23 
49 31 33 42 39 26 23 40 26 48 
39 39 35 43 40 37 35 40 36 42 
31 23 31 33 31 50 32 28 24 44 
43 43 49 31 50 20 46 25 30 36 
35 32 25 20 24 41 42 22 49 31 
27 39 26 33 26 47 22 28 25 34 
26 25 34 33 46 34 46 37 33 36 
49 32 33 39 34 40 35 22 43 47 
39 43 33 36 22 31 21 29 49 26 
24 20 28 24 21 23 50 44 39 50 
34 26 46 30 21 27 45 23 39 29 
29 32 48 41 35 38 28 25 30 47 
45 42 25 40 35 35 50 23 32 41 
43 46 39 35 27 46 35 43 34 29 
45 29 33 34 26 45 25 26 46 20 
25 47 36 31 31 26 22 34 43 35 
46 43 22 45 41 25 41 32 22 48 
31 42 41 45 41 45 21 32 21 29 
31 29 40 36 46 27 34 39 41 44 
45 39 35 50 39 21 31 39 22 22 
22 30 35 31 35 31 43 30 45 27 
27 48 21 28 30 25 42 21 23 34 
41 29 43 45 29 30 36 32 47 39 
36 36 30 39 37 25 22 47 23 50 
37 39 42 41 50 31 32 33 22 27 
33 24 48 50 38 34 34 21 46 39 
31 33 25 24 47 21 40 50 45 43 
50 41 30 35 30 47 21 31 33 30 
49 36 31 26 39 46 20 35 46 36 
22 26 39 44 33 31 20 31 30 41 
35 33 26 50 34 40 35 20 46 35 
50 30 33 23 24 35 50 32 26 23 
25 35 35 38 39 41 26 44 22 42 
34 25 36 43 46 43 29 30 34 50 
43 32 27 26 40 40 36 45 20 22 
33 39 37 35 29 30 46 42 37 31 
48 23 46 33 37 30 38 36 49 29 
47 46 21 20 26 24 20 37 27 26 
34 24 44 26 44 41 32 39 26 46 
29 29 23 29 27 22 35 21 24 20 
39 36 39 30 33 34 27 43 40 48 
25 23 35 44 31 22 43 26 28 20 
33 35 24 23 39 41 20 45 23 38 
38 37 47 31 39 39 25 25 26 22 
35 26 21 45 29 37 26 47 45 24 
25 46 37 27 25 30 49 28 21 26 
47 33 45 37 39 43 41 31 46 28 
48 42 28 21 43 35 31 20 32 40 
48 50 26 47 43 43 43 50 42 21 
25 38 33 48 49 30 27 36 25 34 
46 24 28 38 21 44 27 34 47 24 
32 43 48 37 30 42 35 29 49 29 
45 29 21 40 20 35 45 43 31 49 
42 29 24 45 34 29 22 48 31 48 
45 43 30 41 43 25 49 27 28 42 
35 45 40 41 37 49 29 34 50 30 
36 34 34 25 21 32 37 50 21 38 
30 23 24 45 42 34 35 43 37 48 
41 21 50 40 44 49 21 39 26 22 
32 40 24 50 37 47 36 35 47 49 
44 36 22 42 38 30 40 37 32 22 
33 41 41 23 33 24 30 44 32 29 
49 26 29 27 27 35 28 33 48 32 
41 30 42 29 24 41 21 48 23 45 
48 47 26 21 28 23 50 23 49 42 
25 25 48 46 49 22 34 47 46 24 
46 23 34 41 30 30 26 45 35 29 
40 45 45 45 23 36 25 49 38 37 
28 22 40 44 46 22 39 36 44 21 
35 47 43 27 34 46 32 46 29 20 
50 21 49 23 49 35 49 41 37 41 
29 28 30 46 37 35 30 47 43 28 
29 46 39 26 45 31 37 49 50 40 
22 49 20 28 32 30 45 29 22 34 
30 48 31 21 35 20 24 22 38 33 
21 35 44 25 50 30 43 46 40 32 
50 27 45 40 43 35 50 44 39 39 
40 26 39 37 37 50 35 38 24 23 
43 48 48 23 40 20 30 27 35 30 
26 32 44 37 50 21 39 50 37 41 
45 32 39 37 26 39 33 32 21 45 
47 31 44 40 25 29 28 35 43 47 
44 41 44 40 29 30 36 33 48 40 
41 36 47 50 26 39 48 34 45 44 
40 20 49 28 40 45 35 29 48 44 
26 22 24 32 25 37 42 45 22 43 
32 26 36 25 31 45 33 38 49 30 
46 45 46 29 27 45 36 23 50 40 
42 39 32 32 34 41 47 28 41 29 
34 43 43 38 33 46 31 45 43 37 
47 26 26 36 22 27 49 31 48 26 
29 37 30 24 36 37 31 50 39 24 
39 40 37 30 39 42 30 43 43 40 
34 35 32 43 36 50 42 30 34 38 
44 21 31 34 48 41 37 48 34 47 
41 23 32 41 48 28 43 35 30 49 
42 46 41 25 36 36 48 35 26 44 
32 36 50 42 30 37 42 46 44 48 
20 31 47 21 39 28 47 34 31 30 
35 33 31 31 30 24 34 40 40 44 
26 48 20 23 24 30 30 29 28 47 
46 22 26 38 42 27 25 46 38 26 
33 38 50 33 45 26 31 21 20 24 
25 48 46 24 32 31 37 42 33 33 
24 33 44 28 42 37 49 23 25 24 
30 42 31 27 42 23 28 27 44 38 
37 30 35 37 29 22 50 38 37 22 
34 48 32 30 45 23 41 31 30 41 
44 23 39 40 34 35 21 36 38 25 
41 22 41 23 20 48 46 27 32 21 
40 26 21 25 49 30 31 49 38 36 
34 33 42 23 42 30 26 26 36 43 
26 28 47 48 49 47 26 24 33 25 
28 43 37 48 24 31 24 29 22 21 
20 33 21 45 24 42 37 30 28 34 
28 27 32 45 27 31 41 44 40 43 
40 30 31 42 21 24 43 35 34 49 
20 50 50 27 21 30 35 49 43 38 
37 47 40 29 40 41 41 36 48 21 
28 24 29 37 37 41 30 49 30 29 
38 24 49 33 23 49 25 21 42 37 
25 24 35 30 38 43 26 28 43 33 
35 22 45 41 46 42 38 27 36 25 
20 48 27 29 23 36 29 21 50 24 
23 36 39 34 30 43 29 35 22 26 
49 35 36 27 46 24 22 29 50 45 
33 49 33 44 20 24 47 39 34 21 
24 44 27 44 30 42 23 45 29 22 
28 32 35 38 48 50 33 39 31 38 
50 33 50 29 45 37 33 23 39 39 
39 29 43 47 22 33 23 34 37 42 
42 25 35 23 23 24 39 20 41 37 
38 27 21 35 39 43 43 38 32 44 
50 28 42 44 26 32 41 29 23 47 
22 48 21 29 33 22 46 25 46 27 
26 28 41 49 29 33 45 32 28 31 
28 45 38 27 48 28 47 47 30 39 
25 46 26 25 41 31 42 29 36 32 
31 25 46 24 28 30 28 33 41 31 
23 44 40 40 42 24 35 34 28 26 
30 33 34 42 36 27 21 34 23 50 
45 47 31 38 37 28 26 38 29 36 
48 33 33 28 31 27 45 25 36 22 
21 22 30 28 44 39 23 23 49 35 
21 40 32 30 22 37 46 50 49 33 
46 32 42 42 30 22 28 39 46 29 
25 48 45 36 25 34 26 20 47 41 
36 37 24 48 20 44 40 32 43 28 
20 29 22 40 37 31 43 24 32 46 
36 49 37 39 40 27 40 47 45 35 
37 26 36 45 42 20 28 39 38 24 
42 34 34 29 25 23 33 47 45 29 
38 32 49 42 46 33 49 42 24 36 
34 38 38 29 42 36 30 26 47 37 
35 28 38 46 45 27 28 38 50 47 
24 42 39 44 44 48 37 47 36 49 
44 21 25 45 20 41 38 31 35 24 
33 27 23 41 21 32 49 49 33 41 
37 45 27 41 25 42 50 38 50 39 
23 37 42 22 42 21 21 50 38 34 
44 21 32 36 31 25 40 25 45 38 
45 20 37 35 28 29 50 26 38 33 
31 42 22 20 33 34 49 24 39 24 
36 49 50 37 21 26 21 39 45 44 
33 25 32 20 43 33 37 25 26 23 
29 20 20 38 31 36 34 27 38 25 
36 43 43 43 37 33 43 26 24 34 
33 40 39 26 21 39 47 40 24 35 
41 40 43 44 26 36 49 49 29 39 
20 31 21 28 50 36 41 37 38 46 
48 47 22 24 40 31 24 37 23 20 
25 27 41 35 43 40 28 49 36 24 
26 21 30 25 26 42 50 45 37 50 
30 27 37 35 20 23 36 24 46 29 
35 37 30 22 39 42 27 50 26 45 
35 36 38 25 23 20 29 48 28 40 
33 39 30 40 38 40 28 23 37 21 
38 42 26 24 33 30 30 43 33 50 
50 43 24 21 37 24 42 23 22 38 
27 41 35 24 44 29 44 40 26 29 
23 26 26 45 38 33 27 33 50 31 
24 32 46 45 45 30 34 47 34 29 
24 26 22 28 31 35 33 21 40 21 
44 41 27 38 33 21 42 29 35 44 
46 22 33 29 22 30 44 48 50 42 
37 24 20 34 36 32 27 32 44 39 
30 29 44 28 38 38 45 27 37 41 
42 48 42 26 21 39 35 40 36 24 
47 40 23 48 34 26 41 43 26 46 
49 37 20 25 27 43 24 37 47 39 
34 43 26 25 47 28 38 27 38 44 
24 40 43 40 41 47 34 47 33 47 
46 33 40 40 38 30 25 41 36 23 
22 29 43 30 34 41 22 30 30 47 
33 30 26 23 25 44 42 38 41 33 
36 38 39 22 21 42 32 24 24 33 
27 42 30 46 27 45 41 31 42 25 
44 24 24 44 27 43 25 31 45 24 
46 35 20 48 39 45 28 41 43 22 
40 23 39 33 26 28 46 30 49 47 
25 20 24 33 46 31 29 41 44 22 
47 42 36 38 28 48 21 48 42 42 
28 40 27 34 20 23 26 38 39 31 
26 50 45 39 36 48 25 45 45 35 
49 36 22 45 24 22 36 34 33 36 
48 41 45 27 41 33 22 21 29 28 
38 24 21 44 22 23 21 41 42 39 
43 30 25 39 38 29 41 38 35 47 
49 43 50 42 24 42 48 37 42 50 
42 31 42 35 31 48 49 41 47 39 
29 47 45 46 30 23 30 27 37 26 
36 37 27 44 20 25 47 48 32 21 
43 34 49 24 34 35 42 33 35 50 
28 29 25 32 30 42 32 40 47 38 
48 34 35 32 21 27 20 47 34 24 
21 30 22 44 23 34 33 27 49 24 
34 31 24 24 25 28 40 42 37 29 
37 28 34 50 22 35 43 39 36 37 
28 21 49 47 24 22 35 41 41 35 
24 38 23 47 49 22 37 36 39 43 
34 24 39 27 45 33 47 22 43 29 
33 47 45 35 46 20 32 49 47 23 
23 48 47 48 21 29 24 31 24 26 
49 27 36 33 34 33 37 25 26 45 
28 28 31 35 26 47 50 35 47 35 
29 42 41 46 20 31 46 46 25 30 
41 49 39 43 43 43 28 35 26 46 
44 22 43 48 49 24 23 31 31 48 
26 40 46 36 41 50 38 24 29 31 
30 50 21 30 47 37 31 39 37 50 
46 31 20 23 41 34 29 23 33 23 
30 34 44 49 50 28 33 35 48 47 
47 39 25 34 24 46 35 27 48 29 
46 42 29 43 23 25 26 44 29 38 
23 47 29 26 30 31 22 27 38 22 
21 29 47 50 44 35 37 41 27 43 
47 29 30 41 48 23 29 39 36 20 
28 50 30 28 42 48 44 24 29 38 
35 39 48 33 20 27 44 37 36 30 
29 50 37 50 42 47 28 40 47 29 
47 44 34 48 30 35 33 46 50 33 
20 25 38 33 28 38 46 47 20 43 
